20.15200
54.88000
57.33600
59.64600
62.16000
65.16000
67.47600
70.07800
72.34200
74.69400
77.72800
80.76200
83.79600
86.82800
89.87600
92.93400
95.97000
99.00400
102.05600
105.10400
108.14000
111.17000
114.22600
117.25400
120.30800
123.34200
126.39600
129.42800
132.48000
135.52000
138.56600
141.60200
144.63600
147.67000
150.72200
153.75600
156.78800
159.84200
162.89400
165.92600
168.96200
171.99600
175.04800
178.08600
181.13200
184.17600
187.23600
190.27000
193.30200
196.33800
199.36800
202.42200
205.45800
208.51000
211.55400
214.62800
217.67800
220.71400
223.74800
226.77800
229.85000
232.90000
235.93400
238.96800
242.03800
245.08800
248.13400
251.20800
254.25200
257.31200
260.34600
263.40000
266.42800
269.48200
272.54800
275.58400
278.61800
281.67000
284.70200
287.75600
290.80600
293.84000
296.88200
299.94200
302.97600
306.01200
309.06200
312.09800
315.13200
318.16600
321.20000
324.23200
327.27800
330.33600
333.37000
336.40600
339.44000
342.49000
345.54400
348.57600
351.62800
354.69600
357.72800
360.76400
363.81400
366.86600
369.90200
372.93800
375.98600
379.05200
382.10200
385.15600
388.19000
391.22400
394.26000
397.29000
400.34400
403.38200
406.43600
409.46600
412.51600
415.55000
418.58800
421.63800
424.66800
427.69800
430.76600
433.82000
436.85600
