3.458194e-002
3.790793e-002
2.829995e-002
5.141448e-002
3.379628e-002
2.351651e-002
1.250137e-002
2.321886e-002
2.216453e-002
2.078430e-002
3.820311e-002
4.810856e-002
5.039191e-002
3.110431e-002
3.216148e-002
2.097994e-002
3.188870e-002
2.309257e-002
2.685935e-002
9.145825e-003
2.882886e-002
3.638131e-002
4.585252e-002
2.976921e-002
2.428954e-002
2.281020e-002
2.664151e-002
4.780057e-002
5.009974e-002
3.432137e-002
8.425736e-003
2.950273e-002
3.887397e-002
3.978048e-002
1.282671e-002
2.814061e-002
2.528782e-002
3.012758e-002
3.145038e-002
4.362180e-002
1.778868e-002
6.214736e-003
4.258503e-002
5.638135e-002
4.419099e-002
2.450879e-002
3.438637e-002
2.162118e-002
3.087364e-002
1.002835e-002
3.371542e-002
3.857182e-002
2.832354e-002
1.424174e-002
5.603133e-002
4.204859e-002
-1.500183e-003
1.849183e-002
5.351163e-002
2.893419e-002
1.545557e-002
5.416096e-002
5.573830e-002
3.884216e-002
3.494250e-003
1.292439e-002
2.223089e-002
3.889325e-002
2.190221e-002
4.171563e-002
3.840092e-002
3.026098e-002
1.703398e-002
3.259170e-002
2.900948e-002
2.510333e-002
5.096912e-002
4.751115e-002
2.633702e-002
1.042749e-002
3.380863e-002
1.405436e-002
2.872732e-002
5.135510e-002
5.161447e-002
2.925723e-003
1.299056e-002
4.013353e-002
4.655416e-002
2.887817e-002
3.609380e-002
3.507618e-002
1.515842e-002
2.505100e-002
3.136685e-002
3.456286e-002
8.916543e-003
3.628167e-002
4.192628e-002
4.427306e-002
3.561239e-002
4.199604e-002
1.874265e-002
1.789846e-002
1.329325e-002
2.360139e-002
4.515700e-002
5.193023e-002
3.281462e-002
1.767403e-002
2.516850e-002
1.808822e-002
4.490398e-002
4.588915e-002
4.324681e-002
1.457619e-002
2.687111e-002
5.382432e-003
9.531944e-003
4.282346e-002
7.154793e-002
4.374295e-002
1.934735e-002
2.456391e-002
2.231674e-002
1.667790e-002
3.029335e-002
4.492630e-002
1.617702e-002
2.202274e-002
3.222080e-002
5.775269e-002
2.753334e-002
3.059944e-002
3.310807e-002
5.320370e-002
2.342816e-002
1.862023e-002
3.181949e-002
1.856124e-002
-2.173605e-003
1.472465e-002
5.836722e-002
4.357361e-002
5.645087e-002
3.702235e-002
1.083371e-002
3.639061e-003
5.227281e-002
2.967549e-002
2.502351e-002
3.034476e-002
5.269236e-002
4.764441e-002
2.309709e-002
-1.982633e-003
1.380905e-002
4.835003e-002
2.725339e-002
2.169545e-002
1.706757e-002
3.933690e-002
5.104776e-002
5.201536e-002
1.220101e-002
3.961093e-002
4.109068e-002
2.395798e-002
2.537098e-002
4.536091e-002
1.317987e-002
-4.058906e-003
3.469151e-002
4.747959e-002
2.685268e-002
2.128806e-002
6.061062e-002
4.038199e-002
1.635705e-002
1.454875e-002
6.094799e-002
2.498055e-002
3.396002e-003
1.093967e-002
4.376388e-002
3.491945e-002
2.931723e-002
3.077642e-002
5.061166e-002
5.177365e-002
3.071824e-002
3.985497e-002
1.976911e-002
7.616988e-003
3.205372e-003
3.630102e-002
2.110433e-002
3.938173e-002
3.880170e-002
5.264695e-002
3.973305e-002
2.640493e-002
2.422188e-002
2.962503e-002
2.422130e-002
8.919302e-004
2.696104e-002
5.069687e-002
5.006989e-002
2.472732e-002
3.751077e-002
2.843928e-002
3.061344e-002
2.516312e-002
3.431584e-002
1.291823e-002
3.144082e-002
3.415137e-002
3.990004e-002
4.162655e-002
2.855411e-002
1.536577e-002
3.158920e-002
3.247247e-002
-6.486204e-004
3.321522e-002
4.520403e-002
2.789724e-002
1.497397e-002
7.806227e-002
6.140793e-002
4.782475e-002
4.169506e-002
1.243195e-002
-4.860872e-002
-7.848266e-003
5.940378e-002
5.890719e-002
2.331523e-002
-1.144934e-002
1.967129e-003
5.676309e-002
9.812666e-002
4.467048e-002
3.136003e-002
3.659031e-002
4.224531e-002
1.587787e-002
4.404772e-002
3.668693e-002
-3.448620e-003
-6.169790e-003
9.099011e-003
8.219485e-003
3.926123e-002
7.152646e-002
4.100543e-002
2.655252e-002
4.022342e-002
5.658794e-002
1.310447e-002
1.833973e-002
3.534415e-002
5.744966e-002
1.073369e-002
2.902474e-002
3.358510e-002
5.311000e-003
2.189071e-002
4.968467e-002
1.791869e-002
7.920767e-004
6.140830e-002
7.309355e-002
5.077600e-002
2.108222e-003
-2.426702e-002
1.254426e-003
8.961450e-002
6.925761e-002
3.693814e-002
3.758370e-002
2.307265e-002
-1.018683e-002
3.114076e-002
2.060407e-002
-2.670349e-002
1.997817e-002
6.404063e-002
4.571890e-002
3.931652e-002
7.811642e-002
5.750862e-002
5.208236e-002
-1.629668e-002
-1.356314e-002
4.158987e-002
5.956081e-002
-4.623166e-003
2.794475e-002
6.037476e-002
-4.705836e-003
-3.806062e-003
6.260794e-002
6.002180e-002
2.243313e-002
4.743487e-002
4.215563e-002
2.564459e-002
2.310341e-003
1.742398e-002
2.337639e-002
2.828052e-002
5.533708e-003
4.747861e-002
7.910924e-002
5.880358e-002
1.581943e-002
2.056704e-002
6.108220e-002
2.122911e-002
-3.902265e-002
3.853779e-003
6.455994e-002
3.182831e-002
5.872466e-002
5.225264e-002
5.436107e-003
8.075436e-003
5.996507e-002
1.918696e-002
1.220360e-002
4.616613e-002
5.380659e-002
1.265861e-002
-3.043035e-003
5.865438e-002
7.501317e-002
1.282798e-002
-4.754426e-003
3.741960e-002
1.667411e-002
4.128075e-002
4.080368e-002
1.923910e-002
1.727480e-002
6.427941e-002
2.956753e-002
9.675064e-003
4.898764e-002
4.665961e-002
-1.479551e-003
4.835136e-003
7.329452e-002
5.521948e-002
3.062453e-003
-8.481260e-004
5.858346e-002
1.751790e-002
6.683909e-003
5.986860e-002
7.268792e-002
7.774857e-003
2.897590e-002
4.299640e-002
1.385197e-003
-1.012884e-002
2.702078e-002
5.316555e-002
5.715966e-002
4.650007e-002
2.864426e-002
4.087484e-002
8.724875e-003
3.283558e-002
2.756659e-002
1.157990e-002
1.078446e-002
6.966632e-002
5.395180e-002
8.194067e-003
6.721798e-003
4.565639e-002
4.277131e-002
1.278349e-002
2.291434e-002
4.357589e-002
4.144058e-002
9.294622e-003
3.661806e-002
4.889447e-002
4.255844e-002
1.774006e-002
3.412935e-002
2.102147e-002
1.932613e-002
2.898905e-002
3.910842e-002
5.243365e-003
2.453280e-002
5.619521e-002
3.660365e-002
1.005456e-002
2.481733e-002
6.201924e-002
4.682268e-002
4.979868e-002
2.575903e-002
1.906747e-002
7.722915e-003
4.064704e-002
2.146505e-002
1.034017e-002
2.216040e-002
4.562523e-002
6.440593e-003
5.380002e-003
3.148165e-002
5.526591e-002
6.531779e-002
5.403501e-002
4.831637e-002
4.893167e-002
4.913204e-002
-6.443804e-003
1.534288e-002
-6.233213e-003
-8.437437e-003
1.530779e-002
6.719987e-002
3.043509e-002
5.228120e-002
4.932661e-002
7.660426e-003
1.087885e-002
4.494544e-002
5.889430e-002
5.390304e-002
4.199675e-002
-8.686546e-003
1.124357e-002
1.148901e-002
3.168707e-002
2.249006e-002
6.098721e-002
5.330684e-002
5.122162e-002
1.260082e-002
3.346401e-002
2.130260e-002
-1.920448e-002
2.152393e-003
6.397080e-002
7.359919e-002
3.504947e-002
4.227799e-002
2.138886e-002
3.549132e-002
9.660750e-003
1.810502e-002
1.568581e-002
4.323028e-002
2.245828e-002
3.125610e-002
3.210921e-002
4.398725e-002
3.006317e-002
1.305863e-002
4.555751e-002
6.435920e-002
4.713012e-002
1.637651e-003
3.240737e-002
1.994664e-002
2.356967e-002
-1.940221e-003
5.469635e-002
5.946560e-002
8.830973e-003
-1.900244e-002
3.926999e-002
6.393339e-002
4.687447e-002
4.764391e-002
2.134640e-002
2.297767e-002
2.939188e-002
4.338478e-002
9.061348e-004
1.467089e-002
1.898226e-002
4.444317e-002
4.362925e-002
6.604068e-002
2.679922e-002
2.420386e-002
4.449406e-002
3.875151e-002
2.105070e-002
2.052071e-002
1.022520e-002
-1.753876e-002
7.968356e-003
3.023321e-002
6.737672e-002
5.232127e-002
3.354105e-002
3.355796e-002
7.119860e-002
3.442012e-002
3.840571e-002
3.828000e-002
3.015052e-002
4.005714e-002
8.402619e-003
-3.131956e-002
2.842419e-003
4.756214e-002
2.268429e-003
2.349241e-002
2.559629e-002
4.225443e-002
6.616102e-002
9.005407e-002
5.822534e-002
5.266384e-002
1.746571e-002
-2.570602e-003
6.199487e-005
1.429903e-002
1.049514e-002
2.577744e-002
6.006015e-002
3.175797e-002
2.319792e-002
2.729434e-002
4.057533e-002
1.022284e-002
3.221300e-002
2.036674e-002
6.350728e-002
7.890967e-002
3.617492e-002
-1.722204e-002
1.857859e-002
3.601239e-002
2.094028e-002
3.739904e-002
3.030589e-002
1.105178e-002
3.186498e-002
7.094808e-002
9.531071e-003
2.296596e-002
4.071817e-002
3.656475e-002
1.040158e-002
4.864459e-002
1.787150e-002
2.301317e-002
5.710524e-002
5.627693e-002
-2.683927e-003
-8.504395e-004
3.148495e-002
3.757558e-002
5.768861e-002
4.606319e-002
4.282716e-002
3.793328e-003
2.671440e-002
2.635177e-002
3.688442e-002
1.417492e-002
2.195678e-002
5.180295e-003
2.040153e-002
4.477526e-002
4.775175e-002
5.119974e-002
5.821856e-002
5.718544e-002
2.174560e-002
2.204290e-002
1.659354e-002
3.559296e-002
1.369381e-003
2.240335e-002
1.724975e-002
3.099057e-002
1.169691e-002
3.442557e-002
2.506729e-002
5.045633e-002
5.804582e-002
3.639959e-002
3.361479e-002
3.827118e-002
4.649625e-002
2.438530e-002
3.500290e-002
-3.387779e-003
6.446057e-003
2.746878e-002
5.251874e-002
7.296887e-003
2.980969e-002
4.585334e-002
5.938343e-002
3.660763e-002
2.187386e-002
1.861975e-002
2.277347e-002
3.037215e-002
1.143935e-002
4.018209e-002
4.554661e-002
4.621017e-002
1.248296e-002
4.878102e-002
2.854265e-002
1.149802e-002
1.263578e-002
5.072298e-002
3.272987e-002
2.941388e-002
2.949822e-002
3.679667e-002
2.899019e-002
2.818650e-002
4.162266e-002
1.691832e-002
1.726762e-002
2.448126e-002
7.272770e-002
2.806947e-002
2.124537e-002
4.558961e-003
3.453710e-002
3.373263e-002
4.748533e-002
2.671063e-002
1.512853e-002
3.459359e-002
4.715074e-002
2.958216e-002
1.101920e-002
5.370729e-002
3.007401e-002
3.011217e-002
3.237516e-002
4.113243e-002
-1.368501e-002
2.501063e-002
3.836693e-002
4.216184e-002
2.589975e-002
2.637173e-002
3.168120e-002
5.996138e-002
4.723227e-002
-3.181968e-003
2.772774e-002
4.990866e-002
4.798567e-002
1.486532e-002
2.560225e-002
9.809895e-003
3.879501e-002
1.969808e-002
2.348702e-002
1.708310e-002
3.809536e-002
2.297249e-002
3.846693e-002
6.941044e-002
5.958071e-002
3.116605e-002
2.707276e-003
2.610163e-002
1.171244e-002
3.417191e-002
3.403664e-002
4.123185e-002
3.750861e-003
3.351782e-002
3.746849e-002
3.813472e-002
9.564858e-003
2.613034e-002
3.170706e-002
4.484047e-002
5.048792e-002
3.347685e-002
3.830301e-002
3.859180e-002
3.039343e-002
-4.652136e-003
3.820008e-002
4.734072e-002
1.930181e-002
-2.687521e-002
3.210616e-002
5.140594e-002
4.630680e-002
3.137307e-002
5.078979e-002
3.720902e-002
2.378515e-002
2.870741e-002
2.555441e-002
3.611067e-002
3.756352e-002
5.259000e-002
3.445190e-003
2.083583e-002
1.945131e-002
1.826967e-002
6.345159e-003
5.124738e-002
3.412010e-002
4.779964e-002
3.591958e-002
2.423290e-002
4.586204e-002
4.090698e-002
2.409758e-002
3.228039e-002
4.650692e-002
1.480845e-002
4.555217e-002
4.847223e-003
-1.011156e-002
1.201870e-002
6.760731e-002
3.395366e-002
2.305621e-002
3.485958e-002
8.416009e-002
3.301761e-002
-2.924428e-002
2.772915e-002
6.977169e-002
3.344818e-002
4.402088e-003
3.493612e-002
2.463472e-002
4.065022e-002
4.851471e-003
2.554318e-002
5.822115e-002
7.331138e-002
3.001265e-002
2.128991e-002
1.329439e-002
2.457727e-002
3.634939e-002
1.466688e-002
-2.591877e-002
-2.250397e-002
6.926856e-002
9.324557e-002
7.605899e-002
2.907663e-002
2.340153e-002
2.232474e-002
7.100140e-002
9.853547e-003
-1.902359e-002
6.170889e-003
4.733951e-002
4.441956e-002
3.780161e-002
3.050037e-002
1.450938e-002
2.246952e-002
3.131102e-002
5.268910e-002
2.775188e-002
4.264028e-002
4.206082e-002
3.028305e-002
-1.467532e-002
1.975098e-002
4.474203e-002
6.729512e-002
3.082779e-002
1.313422e-002
2.480947e-002
3.936686e-002
3.420880e-002
8.722622e-003
2.579453e-002
5.971243e-002
6.630644e-002
-1.360053e-002
3.111165e-003
4.220101e-002
5.539124e-002
9.599267e-003
1.323875e-002
2.520685e-002
7.511138e-002
5.096409e-002
8.404438e-003
1.818131e-002
3.559240e-002
2.323903e-002
1.827973e-002
5.056548e-002
4.563623e-002
2.216308e-002
-1.979098e-002
3.907685e-002
6.093384e-002
7.193385e-002
2.740662e-002
5.457752e-003
-1.564607e-003
3.980899e-002
4.004389e-002
2.126394e-002
2.054038e-002
2.269563e-002
6.478987e-002
5.021132e-002
9.153418e-003
1.482041e-003
6.476217e-002
4.272377e-002
1.749553e-002
6.220730e-004
4.082039e-002
3.359696e-002
3.461525e-002
1.375417e-002
3.402682e-002
5.453352e-002
4.933277e-002
3.327259e-002
2.866321e-002
2.780784e-002
-6.907075e-003
3.630225e-002
4.185576e-002
2.784005e-002
-6.241478e-003
2.104310e-002
2.729147e-002
6.145306e-002
4.977946e-002
5.972658e-002
3.219764e-002
1.629490e-002
2.745133e-002
3.298074e-002
1.866392e-002
2.744671e-003
4.047864e-002
3.084116e-002
4.408403e-002
2.397456e-002
3.738641e-002
1.295041e-002
3.591687e-002
4.316564e-002
4.995065e-002
1.185554e-002
1.867420e-002
3.323394e-002
3.689288e-002
1.870071e-002
2.353037e-002
5.497622e-002
3.461612e-002
4.422429e-002
2.768030e-002
1.475503e-002
-1.995110e-003
3.695089e-002
1.601334e-002
3.579845e-002
4.786709e-002
5.227322e-002
3.417078e-002
4.569094e-002
4.207605e-002
1.957494e-002
-3.202210e-003
1.105145e-002
5.121905e-002
2.046201e-002
3.806641e-002
4.815480e-002
3.582861e-002
-2.121571e-002
2.238653e-002
4.368487e-002
5.388335e-002
4.175042e-002
4.823520e-002
2.876855e-002
2.075939e-002
3.548908e-002
3.205527e-002
4.012681e-002
3.339342e-002
1.183707e-002
-1.343575e-002
3.177078e-002
2.420190e-002
3.059089e-002
3.203892e-002
6.240154e-002
3.273992e-002
4.013294e-002
4.015949e-002
4.074877e-002
2.738182e-002
1.181148e-002
4.293179e-002
3.837495e-002
2.734627e-002
2.060127e-003
1.796024e-002
1.125726e-002
3.379835e-002
3.651376e-002
4.872056e-002
4.095513e-002
3.237112e-002
2.335871e-002
4.793149e-002
3.922896e-002
3.832465e-002
1.209135e-002
1.672201e-002
4.458887e-002
3.955418e-002
1.617235e-002
1.132903e-002
3.625365e-002
1.653146e-002
2.291199e-002
1.063741e-002
3.162583e-002
4.083814e-002
7.915895e-002
4.957260e-002
3.004377e-002
-5.742974e-003
6.108669e-002
1.073030e-001
5.493097e-002
-2.112174e-002
-3.099329e-002
-1.520831e-002
-6.691179e-002
3.882725e-003
8.931641e-002
1.150494e-001
4.419927e-002
5.612447e-002
4.280701e-002
3.790486e-002
3.847357e-002
3.032336e-002
6.766463e-003
9.383909e-003
2.110670e-004
1.170894e-002
5.823501e-002
4.216817e-002
3.712581e-002
3.120541e-002
3.811996e-002
1.011806e-003
2.843897e-002
3.552482e-002
4.893809e-002
2.843700e-002
3.397814e-002
3.217084e-002
3.858673e-002
2.021053e-002
2.526762e-002
3.107622e-002
1.861413e-002
3.587563e-002
4.564539e-002
2.944077e-002
5.796002e-003
3.799749e-002
2.537204e-002
3.488789e-002
3.305071e-002
4.597793e-002
3.628168e-002
4.482679e-002
1.556321e-002
1.543528e-002
3.336036e-002
2.848710e-002
2.706720e-002
3.299914e-002
3.503681e-002
1.445944e-002
3.836460e-002
1.735267e-002
3.360413e-002
3.896953e-002
4.836987e-002
1.716388e-002
5.014564e-002
3.594704e-002
1.227900e-002
2.420625e-002
4.894003e-002
3.737658e-002
1.157815e-002
1.583849e-002
1.599120e-002
3.387623e-002
2.773525e-002
5.283998e-002
4.253217e-002
3.847113e-002
3.898181e-005
3.207722e-002
4.189722e-002
5.590507e-002
3.378257e-002
1.704461e-002
9.041918e-003
2.783156e-002
4.321986e-002
1.745307e-002
2.844892e-002
3.129452e-002
4.038963e-002
2.181485e-002
3.919810e-002
7.259504e-003
3.438463e-002
5.018025e-002
4.743135e-002
2.255158e-002
5.042952e-002
4.937014e-002
2.667996e-002
7.554267e-004
1.224680e-003
2.040064e-002
1.343477e-002
2.869425e-002
4.734221e-002
6.549523e-002
2.737741e-002
3.750301e-002
3.262320e-002
5.013930e-002
4.516781e-003
1.139138e-002
3.370294e-002
4.552089e-002
2.803045e-002
3.312472e-002
3.460047e-002
1.737780e-002
2.963159e-002
1.898750e-002
4.474188e-002
3.212555e-002
3.729849e-002
8.488622e-003
4.281390e-002
3.997140e-002
3.750764e-002
9.544702e-003
3.472718e-002
3.883764e-002
4.403898e-002
2.767227e-002
4.394012e-003
2.606998e-002
4.413893e-002
3.618962e-002
9.442388e-003
4.196303e-002
2.571050e-002
3.152793e-002
2.597461e-002
6.132774e-002
3.692308e-002
1.975296e-002
9.798376e-003
4.057996e-002
4.135530e-002
2.711136e-002
1.653309e-002
2.085883e-002
3.640699e-002
2.968144e-002
3.428775e-002
2.793412e-002
4.794145e-002
2.357653e-002
3.682058e-002
1.316048e-002
3.840575e-002
3.812757e-002
3.105345e-002
9.795330e-003
4.501944e-002
3.965515e-002
1.220201e-002
3.702641e-002
3.944894e-002
2.678995e-002
1.376786e-002
4.493493e-002
2.338957e-002
3.112721e-002
2.715764e-002
4.131214e-002
2.518190e-002
4.213924e-002
3.632412e-002
3.013500e-002
8.661458e-003
2.776433e-002
5.028119e-002
2.039051e-002
4.995312e-003
3.375116e-002
7.672220e-002
3.321212e-002
1.904762e-002
1.232047e-002
4.296796e-002
1.431934e-002
2.379588e-002
3.087082e-002
4.731125e-002
1.395268e-002
2.717937e-002
3.779782e-002
4.167247e-002
5.316456e-002
2.696287e-002
1.477675e-002
2.698901e-002
4.060942e-002
7.567776e-003
4.769810e-002
3.846990e-002
2.887103e-002
4.277237e-003
2.445547e-002
2.655429e-002
4.822723e-002
3.344603e-002
3.042617e-002
3.521181e-002
4.379496e-002
4.497265e-002
5.255518e-003
1.394502e-002
3.741295e-002
6.079614e-002
2.080123e-002
1.808726e-002
4.282639e-003
5.020037e-002
4.403746e-002
2.682916e-002
-1.410646e-003
2.996749e-002
5.744073e-002
5.478215e-002
2.928635e-002
1.812682e-002
2.498192e-002
2.362055e-002
2.512516e-002
3.496832e-003
4.454517e-002
5.532771e-002
4.350851e-002
8.999884e-003
5.603216e-002
3.927558e-002
1.463136e-002
1.219987e-002
3.610469e-002
1.938913e-002
2.930050e-002
3.651141e-002
2.281254e-002
3.715360e-002
3.521599e-002
3.151679e-002
1.427368e-002
6.139003e-002
4.199183e-002
2.267175e-002
3.052368e-003
3.839267e-002
1.638204e-002
3.035925e-002
4.340976e-002
2.593227e-002
1.921237e-002
6.442694e-002
6.106950e-002
2.001575e-003
1.788926e-002
3.029215e-002
3.147105e-002
6.384288e-003
4.426054e-002
2.561672e-002
2.853445e-002
3.408647e-002
4.206000e-002
1.180311e-002
5.185586e-002
5.441000e-002
8.624399e-003
8.094347e-003
4.943981e-002
4.004640e-002
6.415194e-003
4.134913e-002
3.624891e-002
3.175746e-002
1.997848e-002
4.155089e-002
1.426032e-002
3.446152e-002
3.094331e-002
3.373519e-002
9.644036e-003
3.350178e-002
6.096253e-002
5.110877e-002
3.923880e-003
1.651929e-002
6.298479e-002
2.405913e-002
1.150339e-002
2.143797e-002
4.998489e-002
4.439690e-004
2.952487e-002
4.418328e-002
4.452116e-002
2.294251e-002
4.627798e-002
2.135650e-002
2.263219e-002
3.860485e-002
2.799925e-002
2.773263e-002
3.007223e-002
4.274465e-002
1.773916e-002
3.348460e-002
2.689841e-002
3.190497e-002
1.900148e-002
5.201183e-002
1.952766e-002
2.183813e-002
4.354487e-002
6.201283e-002
9.798150e-003
5.763509e-003
1.982293e-002
3.284973e-002
5.562984e-002
3.252999e-002
3.103840e-002
2.904368e-002
2.315466e-002
1.740634e-002
5.673091e-002
2.603595e-002
1.508280e-002
1.990578e-002
4.758137e-002
4.575184e-002
3.649979e-002
-6.559547e-003
2.814841e-002
6.196242e-002
3.867865e-002
3.688826e-002
3.472364e-002
3.248539e-002
7.461360e-004
1.806919e-002
-8.499219e-003
2.957348e-002
3.202626e-002
3.953039e-002
2.928537e-002
7.910320e-002
6.925446e-002
3.690955e-002
3.423917e-002
2.743069e-002
5.092864e-003
-3.074313e-003
2.886995e-002
2.283486e-002
2.366502e-002
8.592943e-003
4.801815e-002
3.352196e-002
5.054000e-002
5.115190e-002
3.983513e-002
-5.382408e-003
2.778273e-002
4.307151e-002
2.980513e-002
4.095460e-002
3.989921e-002
3.003586e-002
2.199990e-002
3.022598e-002
-5.471389e-003
1.909090e-002
3.680243e-002
6.963161e-002
3.899927e-002
4.911051e-002
2.902813e-002
1.607267e-002
-4.608589e-003
2.252596e-002
2.258885e-002
2.879979e-002
5.207760e-002
4.045891e-002
4.644830e-002
3.670692e-002
3.757141e-002
1.569838e-002
3.084797e-002
-6.076499e-003
3.189754e-002
5.161710e-002
3.814838e-002
1.371850e-002
5.644455e-002
4.730866e-002
8.913997e-003
1.014949e-003
2.372140e-002
4.329582e-002
2.588384e-002
4.593549e-002
3.624252e-002
5.232746e-002
3.052266e-002
3.001738e-002
-1.699365e-003
1.391619e-002
6.522281e-003
5.463462e-002
6.171694e-002
4.297545e-002
2.843304e-002
4.087839e-002
3.221517e-002
9.726718e-003
2.157574e-002
7.919680e-003
3.927686e-002
3.728310e-002
3.169839e-002
-3.772476e-003
4.993750e-002
5.871665e-002
4.871525e-002
8.806635e-003
1.731905e-002
2.584606e-002
5.302446e-002
5.046443e-002
2.937764e-002
3.811087e-002
2.063889e-002
6.743102e-003
-3.634886e-003
3.774972e-002
2.267000e-002
3.664246e-002
2.736217e-002
6.212464e-002
4.065867e-002
3.017043e-002
3.085991e-002
4.682525e-002
1.876245e-002
2.160813e-002
2.960892e-002
1.268843e-002
4.121069e-002
4.790864e-002
3.249375e-002
-1.716408e-003
3.065362e-002
2.105408e-002
3.988710e-002
1.292253e-002
4.869986e-002
6.171754e-002
5.228508e-002
5.961262e-003
1.999219e-002
3.530257e-002
2.996589e-002
1.475029e-002
3.918459e-003
3.819853e-002
5.011978e-002
5.766217e-002
3.049419e-002
3.120282e-002
1.075193e-002
4.052589e-002
9.642455e-003
2.284836e-002
4.720393e-002
4.254401e-002
2.056049e-003
3.109478e-002
4.847929e-002
2.740218e-002
1.520175e-002
1.870435e-002
6.316091e-002
5.086714e-002
3.712144e-002
1.707796e-002
4.948444e-002
-2.894036e-003
-8.665334e-003
3.284954e-002
7.779573e-002
2.612577e-002
1.978028e-002
2.609563e-002
2.339428e-002
2.622703e-002
3.776227e-002
5.007058e-002
2.902801e-002
3.777175e-002
3.152270e-002
3.595069e-002
-8.877518e-003
2.386511e-002
3.378199e-002
4.716503e-002
3.446389e-002
4.420234e-002
2.422917e-002
3.803591e-002
3.728384e-002
2.186151e-002
2.886727e-002
1.724310e-002
1.668685e-002
1.580675e-002
5.169297e-002
3.843061e-002
3.175593e-002
1.701132e-002
5.046264e-002
3.908865e-002
2.781575e-002
9.633805e-003
4.453802e-002
3.985527e-002
2.577762e-002
9.395904e-003
1.994861e-002
3.483783e-002
3.879847e-002
5.364175e-002
3.049189e-002
4.693213e-002
1.673299e-002
2.605498e-002
1.598704e-002
3.906918e-002
2.128755e-002
3.026903e-002
1.798098e-002
1.868993e-002
2.178570e-002
4.544134e-002
5.541851e-002
3.264274e-002
3.243037e-002
4.684177e-002
5.690602e-002
9.780527e-003
1.671881e-002
-2.087535e-004
2.285843e-002
1.918244e-002
5.627891e-002
4.878619e-002
4.163962e-002
9.240813e-003
1.903861e-002
4.839667e-002
3.726140e-002
1.519937e-002
1.913498e-002
4.870358e-002
3.284242e-002
3.071963e-002
1.217795e-002
3.345026e-002
1.680845e-002
4.074275e-002
3.480662e-002
5.913053e-002
3.959334e-002
2.896594e-002
2.026608e-002
2.048636e-002
2.146764e-002
3.032082e-002
3.165762e-002
1.366720e-002
3.547945e-002
1.433039e-002
3.158108e-002
4.304968e-002
5.700740e-002
2.174941e-002
4.595506e-002
3.709006e-002
2.914039e-002
1.176460e-002
2.287846e-002
2.846523e-002
3.523462e-002
3.524813e-002
1.297277e-002
3.128553e-002
3.771561e-002
4.647596e-002
2.349361e-002
4.363631e-002
1.055413e-002
2.152089e-002
2.859335e-002
4.696280e-002
2.834805e-002
4.400805e-002
2.349891e-002
1.131745e-002
3.321586e-002
4.794953e-002
2.538518e-002
1.379503e-002
5.408663e-002
3.419410e-002
2.843663e-002
1.836157e-002
4.893846e-002
1.603539e-002
2.795932e-002
1.778475e-002
3.403631e-002
2.849562e-002
3.113704e-002
1.575950e-002
3.808034e-002
6.814068e-002
3.868680e-002
9.249200e-003
2.449494e-002
5.446452e-002
2.079216e-002
2.412929e-002
4.928885e-003
3.033686e-002
2.591960e-002
5.503522e-002
3.569757e-002
3.874755e-002
1.577447e-002
1.520213e-002
2.955487e-002
3.644844e-002
4.330264e-002
3.146874e-002
4.192472e-002
2.994293e-002
3.277624e-002
5.723874e-003
3.451496e-002
2.598533e-002
3.603015e-002
2.001351e-002
4.508256e-002
2.932040e-002
2.494440e-002
2.071047e-002
3.886418e-002
3.096995e-002
2.308495e-002
4.483037e-002
4.014366e-002
4.983028e-002
3.648211e-002
4.500436e-002
4.893798e-003
9.394317e-003
-4.688695e-003
2.631802e-002
2.071093e-002
3.103351e-002
4.267608e-002
6.278456e-002
4.245445e-002
2.988918e-002
3.967141e-002
3.044493e-002
3.174447e-002
2.444760e-002
4.543523e-002
2.793567e-002
2.084295e-002
2.129215e-003
3.927220e-002
2.089116e-003
1.368235e-002
3.717649e-002
5.796916e-002
3.868977e-002
5.368308e-002
4.311645e-002
1.792055e-002
1.909711e-002
1.317367e-002
4.479153e-002
4.309484e-002
3.408981e-002
6.495745e-003
4.227355e-002
1.470869e-002
2.057298e-002
2.995418e-002
5.388238e-002
2.889181e-002
2.210939e-002
1.870980e-002
4.117902e-002
5.610888e-002
2.983909e-002
2.184272e-002
1.719630e-002
3.823713e-002
2.922352e-002
3.512072e-002
2.232898e-002
4.674820e-002
1.574012e-002
1.921742e-002
1.666149e-002
3.453352e-002
3.134145e-002
3.983457e-002
4.488180e-002
4.609252e-002
3.511282e-002
2.235836e-002
2.918054e-002
1.006783e-002
5.150515e-002
3.919430e-002
1.469128e-002
-6.293090e-003
4.438571e-002
2.224574e-002
3.296475e-002
4.034491e-002
5.101087e-002
2.640542e-002
3.286527e-002
3.586567e-002
1.583046e-002
3.170699e-002
4.121199e-002
4.705805e-002
2.016829e-002
2.129713e-002
-8.442785e-003
5.114118e-002
5.174799e-002
2.740831e-002
5.272342e-003
3.833772e-002
2.171091e-002
2.159120e-002
3.741190e-002
4.234099e-002
6.560151e-002
5.464523e-002
4.216993e-002
1.448242e-003
2.242433e-002
-5.909083e-003
1.380925e-002
1.514310e-002
5.454057e-002
4.294469e-002
4.074612e-002
1.126378e-002
3.593340e-002
3.198281e-002
-1.126529e-003
4.771217e-002
8.855234e-002
6.143158e-002
1.404307e-002
3.896997e-002
2.448163e-003
1.684334e-002
4.378904e-003
2.525524e-002
-2.237981e-003
3.009258e-002
3.330476e-002
4.131662e-002
4.283910e-002
4.886878e-002
5.545145e-002
2.878210e-002
6.209095e-002
2.138243e-002
1.464883e-002
2.695635e-002
5.833377e-002
-3.014754e-003
7.016836e-003
1.775679e-002
2.897708e-002
1.434304e-002
1.838798e-002
3.720986e-002
5.605906e-002
4.912538e-002
3.498217e-002
7.699215e-002
4.511925e-002
3.026621e-003
-1.158924e-002
2.767436e-002
1.589076e-002
3.421259e-002
4.490776e-002
5.857016e-002
2.617551e-002
1.064471e-002
1.489566e-002
3.459081e-002
6.814150e-003
1.790566e-002
6.480241e-002
5.882146e-002
5.221856e-002
4.123026e-002
2.995633e-002
-1.109819e-002
1.156769e-002
2.759539e-002
4.812574e-002
2.101508e-002
2.151839e-002
2.795900e-002
4.853091e-002
3.535900e-002
2.871152e-002
4.616304e-002
3.859015e-002
2.751743e-002
4.872116e-003
1.120613e-002
1.943891e-002
6.230930e-002
5.056191e-002
2.549359e-002
1.752327e-002
3.846910e-002
3.196007e-002
2.723318e-002
3.158371e-002
3.372207e-002
8.463863e-004
1.601281e-002
4.591199e-002
6.488204e-002
3.330234e-002
2.318452e-002
2.857958e-002
3.205171e-002
2.506012e-002
2.827084e-002
4.073188e-002
5.301257e-003
1.021822e-002
3.225212e-002
6.227730e-002
4.306209e-002
6.469512e-002
5.001286e-002
-1.032414e-004
-2.494079e-002
1.689729e-002
1.751289e-002
2.242002e-002
4.717519e-002
3.955899e-002
7.393382e-002
8.305103e-002
2.193399e-002
-2.000366e-002
2.811145e-002
1.342709e-002
1.042249e-002
4.541361e-002
5.164507e-002
1.418767e-002
3.744034e-002
4.372053e-002
3.723149e-002
3.343691e-002
3.644994e-002
2.300446e-002
1.046112e-002
2.427949e-002
1.146784e-002
5.288765e-002
5.078216e-002
1.861122e-002
-1.119036e-002
4.800396e-002
6.713931e-002
5.109955e-002
1.986068e-002
2.229169e-002
2.873082e-002
1.781828e-002
1.514400e-003
9.747839e-003
2.774032e-002
3.625833e-002
5.710104e-002
9.129734e-002
8.400952e-002
6.208906e-003
7.489318e-005
-6.521426e-003
1.056242e-002
-1.679416e-003
1.895103e-002
2.590477e-002
6.236416e-002
8.510107e-002
6.996446e-002
7.396006e-002
2.809398e-002
-5.145049e-002
-9.599219e-002
3.320705e-002
1.056293e-001
5.576355e-002
7.851892e-003
3.995749e-002
5.853188e-002
4.061630e-002
3.022376e-002
3.896226e-002
3.390750e-002
7.692425e-003
2.749997e-002
2.607522e-002
1.794974e-002
1.809304e-002
4.138854e-002
3.510428e-002
4.340511e-002
3.212347e-002
4.169410e-002
1.279056e-002
2.417917e-002
3.879644e-002
3.831911e-002
7.219998e-004
3.428756e-002
7.618478e-002
-1.104777e-002
-3.771365e-002
6.649664e-002
1.074777e-001
1.773927e-002
1.321312e-002
4.539376e-002
6.918366e-002
3.587473e-002
-1.702881e-002
-3.516927e-003
6.194295e-002
3.448390e-002
-1.147896e-002
-5.331529e-003
2.691540e-002
3.686701e-002
5.834945e-002
8.806506e-002
6.259811e-002
2.295600e-002
-3.275913e-004
1.576365e-002
1.976779e-002
5.693982e-002
1.097010e-002
-1.499203e-002
4.928057e-002
9.122893e-002
5.467373e-003
-1.509128e-002
6.922973e-002
6.734595e-002
9.722677e-003
2.038818e-002
2.179360e-002
2.975314e-002
5.232814e-002
7.929209e-003
-5.030088e-002
3.119781e-002
1.142480e-001
1.947843e-002
2.219879e-002
6.597359e-002
7.243300e-002
-3.104560e-003
8.121761e-002
3.078260e-002
-8.712990e-002
-1.141709e-002
1.240494e-001
5.874932e-002
-8.428141e-002
4.147921e-002
1.157450e-001
5.663517e-002
-9.313197e-003
1.086490e-002
2.750313e-002
2.543984e-002
6.797333e-002
3.213385e-002
2.213495e-002
3.043439e-002
2.342140e-002
4.728238e-003
4.520337e-002
7.036002e-002
1.293636e-002
-1.918679e-002
5.579452e-002
5.144348e-002
-9.648443e-003
2.190430e-002
9.785197e-002
3.957718e-002
-1.105980e-002
1.322387e-002
6.806460e-002
4.941187e-002
5.603009e-003
-3.927921e-003
4.299531e-002
5.300145e-002
1.862144e-002
6.950519e-003
3.278757e-002
6.622830e-002
