-1.005797e-001
-7.113514e-002
-1.135824e-001
-4.168092e-002
2.122764e-001
1.654372e-001
-3.573754e-001
1.152242e-001
1.118798e-001
-1.328861e-001
-7.397517e-002
3.435296e-001
1.270798e-002
-9.585489e-002
6.855801e-002
-5.126619e-002
-4.471358e-001
-1.302772e-001
6.019296e-001
1.722552e-001
-1.289538e-001
9.622462e-003
-1.939778e-001
-4.863754e-001
2.268784e-001
3.513670e-001
6.470851e-002
-2.980400e-002
1.252507e-001
-1.435017e-001
-1.709195e-001
-2.062635e-001
1.796865e-001
3.797438e-001
-2.144221e-001
-5.010638e-001
7.088393e-002
7.084386e-001
7.151059e-002
-3.119329e-001
-2.015709e-001
3.121058e-002
-2.270027e-001
1.187568e-001
2.662636e-002
-7.904878e-002
2.847287e-001
7.478897e-001
9.414168e-002
-6.933891e-001
-4.496306e-001
3.802278e-002
-1.428501e-001
-3.798398e-001
3.702814e-001
3.416369e-001
-1.607259e-001
-1.608040e-001
5.216763e-001
2.966419e-001
-3.923631e-002
-1.162165e-001
-1.156990e-001
-3.416341e-001
-6.573843e-002
2.785237e-001
-4.361016e-002
-5.869129e-002
-1.723429e-002
-1.078110e-001
-9.381356e-002
3.849683e-001
-7.137167e-002
-4.185890e-001
-2.247388e-001
5.769863e-001
4.026224e-001
4.761995e-002
-2.383723e-001
-1.456154e-001
-4.059411e-002
-1.683930e-001
-2.256286e-001
2.968944e-002
2.328737e-001
1.970956e-002
1.842946e-001
2.997307e-001
3.036280e-001
-2.334098e-001
-4.579456e-001
-5.545316e-001
-3.666426e-002
1.172266e-001
2.099877e-001
1.783571e-001
1.433807e-001
2.873665e-001
6.050018e-002
-1.102944e-001
-2.264843e-001
-4.115738e-001
-3.617214e-001
4.104228e-001
5.628258e-001
2.189410e-001
-1.925127e-001
-4.258188e-001
-4.198827e-001
3.745178e-001
3.711499e-001
5.909312e-002
4.994641e-002
4.009014e-002
-3.982538e-001
-4.105983e-001
1.282910e-001
4.428016e-004
1.247038e-001
2.592859e-001
2.170813e-001
-1.906954e-001
-5.164488e-002
8.083108e-002
2.029036e-001
-3.596497e-001
-5.745707e-001
1.033783e-001
8.222248e-001
4.260864e-001
-3.479485e-001
-2.129005e-001
-2.328241e-002
-4.511946e-001
-6.399110e-001
2.671771e-001
4.424006e-001
7.360990e-002
7.766538e-002
5.174357e-001
3.010216e-001
-1.988342e-001
-4.872386e-001
-9.395397e-003
1.052878e-002
-6.728876e-002
-1.068666e-003
2.228762e-002
-6.462442e-002
-2.672558e-001
-1.650409e-001
5.311460e-002
3.289383e-001
1.187798e-001
1.554466e-001
7.491258e-002
1.923379e-001
-1.546218e-001
-4.078325e-001
-7.125368e-002
1.154948e-001
-4.706432e-001
-1.186654e-001
8.030380e-001
5.023716e-001
-3.685721e-001
-2.443871e-001
3.085394e-001
1.562195e-001
1.917845e-001
-1.819899e-001
-5.783049e-001
-7.130331e-001
-1.263965e-001
6.814261e-002
2.814641e-002
1.420461e-001
7.179799e-001
6.839785e-001
-1.263948e-001
-1.091554e-001
1.529276e-001
-2.540408e-001
-2.177227e-001
4.177604e-002
-5.343042e-001
9.698702e-002
4.465150e-001
-6.877600e-001
-5.495718e-001
1.017645e+000
6.225437e-001
-4.661089e-001
-2.538181e-001
-4.074651e-002
-9.315770e-002
7.379643e-002
2.796925e-001
1.463194e-001
-8.988072e-002
-2.372956e-001
2.637896e-001
2.244270e-002
-4.586921e-001
-3.847868e-001
4.256011e-001
4.521776e-001
2.479782e-001
-6.453193e-002
-3.010649e-001
-2.230860e-001
2.253736e-001
7.610508e-002
-5.398678e-001
-3.958487e-001
-1.582541e-001
1.642481e-001
2.527734e-001
4.717719e-001
3.281491e-001
3.535605e-001
2.273215e-001
-8.648666e-003
-2.473428e-001
-2.888896e-001
-5.960925e-001
-6.072447e-001
-2.443517e-001
8.728313e-002
6.491067e-001
1.041070e+000
1.860072e-001
-7.106302e-001
-1.474611e-001
-1.535989e-001
-3.215135e-001
1.238560e-001
7.009387e-002
-1.945994e-002
8.114652e-001
4.976093e-001
-6.994077e-001
-6.348728e-001
2.154386e-001
1.558723e-001
-4.382922e-001
-2.058693e-001
1.342869e-001
1.529570e-002
-1.607827e-001
4.472327e-001
4.784371e-001
9.409249e-002
1.321878e-001
4.439077e-001
-3.341192e-001
-5.957922e-001
-1.290908e-001
-3.816902e-001
-7.813643e-001
2.199961e-001
1.051571e+000
4.615609e-001
-6.117416e-002
-2.256695e-001
-1.157060e-001
-2.962089e-001
-1.767775e-001
1.086452e-001
3.094702e-001
-2.654606e-001
7.809028e-002
4.347629e-001
2.619761e-002
-4.018906e-001
2.097949e-002
2.027525e-001
-1.586646e-001
-3.804386e-001
-1.485332e-001
4.735456e-001
3.214015e-001
3.065710e-001
-1.258862e-001
-3.682086e-001
-5.436085e-001
1.571540e-002
2.693650e-001
2.208772e-001
-2.463028e-001
8.955054e-002
3.762983e-001
-4.797568e-002
4.602806e-002
5.634483e-002
-6.817837e-001
-7.128393e-001
6.196080e-001
3.218177e-001
-1.474901e-001
2.898567e-001
7.613837e-001
2.683373e-001
1.413283e-002
-1.642666e-001
-3.583893e-001
-4.945461e-001
-3.711247e-001
-2.044058e-001
-3.999309e-001
-6.177246e-001
-2.817252e-001
3.986240e-001
5.905881e-001
1.062255e+000
1.110094e+000
7.084490e-001
2.246812e-002
-6.797376e-001
-1.305510e+000
-4.988134e-001
1.749354e-001
-1.808511e-001
-3.218736e-001
6.266681e-002
1.793211e-001
2.877497e-001
4.000479e-001
-2.178370e-001
-4.230173e-002
2.479724e-001
3.399506e-001
-2.478448e-001
-4.077264e-001
-1.968244e-001
2.058628e-001
6.592811e-002
-2.548726e-001
-1.452194e-001
3.335960e-001
5.661284e-001
1.205621e-001
2.795688e-002
2.215720e-001
-1.489989e-001
-8.332479e-001
-2.404236e-001
2.301225e-001
3.108179e-002
-4.707361e-001
-1.103438e-001
7.825492e-002
2.139901e-001
1.710866e-001
4.315370e-001
5.618496e-001
-4.421340e-002
-2.215293e-001
1.532531e-001
1.660907e-001
-4.323298e-001
-5.514869e-001
-2.495878e-001
2.297178e-001
2.619379e-001
-2.263111e-001
-8.846533e-001
-2.598704e-001
7.531855e-001
7.792172e-001
1.403057e-001
1.999118e-001
-1.936309e-003
-2.103755e-001
3.337112e-001
4.896854e-001
5.876170e-002
-4.308642e-001
-4.595531e-001
-6.686793e-001
-6.243260e-001
-4.989971e-001
-5.359979e-002
3.540644e-002
1.057179e-001
1.182799e-001
6.777408e-001
1.161675e+000
1.151605e+000
7.234420e-001
4.331061e-001
-2.493166e-001
-1.456877e+000
-1.649624e+000
-9.657575e-001
-3.248314e-001
-3.428993e-001
4.878417e-001
1.327650e+000
8.344671e-001
-4.624173e-001
-1.586584e-001
3.706035e-001
2.912085e-001
-1.594877e-001
1.198729e-001
5.655305e-003
-7.667693e-001
-7.344202e-001
-1.430294e-001
3.410087e-001
2.964870e-001
5.054544e-001
7.094112e-001
1.081315e+000
3.903493e-001
-4.518582e-001
-8.983118e-001
-6.428533e-001
-9.668797e-001
-1.515161e+000
-8.327959e-001
8.894965e-001
1.632805e+000
8.036581e-001
3.795064e-001
1.878611e-001
2.434286e-001
-2.216612e-001
-2.699161e-001
6.802075e-002
2.057569e-001
-7.285242e-001
-6.867126e-001
7.433999e-003
1.096711e-001
-1.506514e-001
2.547540e-001
5.687526e-001
4.051581e-001
7.413382e-002
-4.763453e-001
-4.415772e-001
-5.266922e-002
-4.589758e-002
-3.669955e-001
3.289801e-001
6.393651e-001
2.015988e-001
-1.236728e-001
-9.264842e-002
-3.761615e-001
-2.325482e-001
1.030233e-001
2.742004e-001
4.116334e-001
2.306370e-002
-1.051581e-001
-3.777897e-002
-2.682595e-001
-5.559263e-001
7.379330e-002
8.869331e-002
-2.721613e-001
-1.527080e-001
6.938491e-001
6.829916e-001
-1.210988e-001
-3.753370e-001
1.028013e-001
3.372924e-001
-3.755224e-002
-2.277393e-001
-2.940725e-001
-2.352552e-001
-2.946506e-001
1.964737e-001
1.976171e-001
1.343173e-001
-5.608383e-002
5.686871e-002
5.092139e-002
2.910257e-001
4.480117e-002
-3.130327e-001
-1.648031e-001
7.127064e-002
-5.749632e-001
-3.464216e-001
4.944229e-001
2.891530e-001
3.678740e-001
2.896874e-001
2.275743e-001
-2.000640e-002
6.316961e-001
-4.935038e-001
-5.730780e-001
-5.081007e-001
-1.598848e-001
-3.192150e-001
-3.757358e-001
-2.589651e-001
1.611914e-001
8.917219e-001
4.153402e-001
1.349472e-001
5.069873e-002
5.453453e-001
2.918033e-001
-2.262941e-002
-3.243518e-001
-4.437790e-001
-1.576150e-001
3.484397e-002
-3.692370e-001
-8.354303e-001
-3.372660e-001
1.265221e-001
3.552212e-001
4.183903e-001
4.514329e-001
2.852666e-001
2.409736e-001
-4.945097e-002
2.635472e-001
3.920375e-001
-2.090742e-001
-6.791803e-001
-3.988379e-001
-5.313452e-001
-1.015876e-001
3.594650e-001
1.978902e-001
-2.636377e-001
-2.178138e-001
5.001442e-001
7.026726e-001
1.326458e-001
-6.782874e-001
-1.061270e-001
3.646321e-001
1.540501e-001
-3.961983e-001
1.935675e-001
2.380497e-001
-4.299288e-001
-4.468240e-001
3.222201e-001
1.146401e-001
-3.158451e-001
8.548339e-002
2.132145e-001
-4.633804e-003
-2.842532e-002
1.907737e-001
-2.054385e-002
1.934597e-001
1.545329e-001
-2.031753e-001
-6.319894e-001
1.544915e-001
5.130228e-001
-1.000540e-001
-4.626181e-001
2.796236e-001
5.402474e-002
-5.884831e-001
1.192604e-001
8.304305e-001
1.372839e-001
-5.604874e-001
1.998533e-001
3.626349e-002
-4.441669e-001
-5.113098e-001
3.243238e-001
2.943426e-001
7.278363e-002
8.983459e-002
3.457921e-001
-1.396729e-002
-1.338485e-001
1.703264e-001
4.619705e-002
-1.373645e-001
-3.785363e-001
-1.260551e-001
-2.939191e-001
-3.314206e-001
-5.314680e-002
5.426590e-001
3.573814e-001
1.845940e-001
-3.875902e-002
1.738003e-001
3.129658e-002
-9.754846e-002
-2.720675e-001
-1.250385e-001
3.380290e-001
4.380992e-001
-1.149164e-002
-6.491126e-001
-3.224218e-001
-3.195989e-001
-2.831413e-001
-2.809936e-001
2.408415e-001
6.793884e-001
8.568693e-001
4.749783e-002
2.550323e-002
3.051528e-001
-1.444544e-001
-5.240584e-001
-2.845336e-001
-3.741904e-002
-1.508939e-001
-3.831125e-001
-3.656054e-001
6.370661e-001
3.672015e-001
-1.365504e-001
-2.004516e-002
3.492319e-001
-1.270986e-001
-1.060801e-001
4.434803e-002
-4.367849e-002
-1.894358e-001
9.333321e-002
4.395468e-001
-3.637709e-003
-2.582367e-001
-1.396482e-001
4.631542e-002
-3.119232e-001
-2.369766e-001
2.726721e-002
3.580922e-001
-3.827784e-002
2.394634e-001
2.733888e-001
6.698075e-002
-1.319588e-001
4.471524e-002
-1.339396e-001
-2.451449e-001
1.312630e-001
-4.279775e-002
8.522362e-002
1.525693e-002
-3.245155e-001
-6.398527e-001
9.795281e-002
3.723403e-001
2.598440e-001
1.302730e-001
5.402154e-001
2.266967e-001
-3.058260e-001
6.251788e-002
5.594046e-003
-1.104582e+000
-9.142932e-001
9.311773e-001
1.057720e+000
2.347853e-001
-2.133440e-001
-2.556894e-001
-5.869041e-001
-5.132443e-001
-5.506477e-001
5.425296e-001
1.266878e+000
9.132997e-001
-2.572374e-001
-7.473046e-001
-7.143854e-001
-2.942329e-001
2.466663e-001
2.203054e-001
9.383434e-002
-2.186315e-002
1.113823e-001
1.691418e-001
6.245220e-001
2.022428e-001
-1.713906e-001
-6.103806e-001
-6.157284e-001
-1.830476e-001
7.824626e-002
-7.997463e-001
-4.302894e-001
7.506216e-001
9.613461e-001
8.040668e-001
6.960801e-001
-4.029027e-002
-9.198851e-001
-3.053621e-001
-9.633861e-002
-1.617024e-001
-6.270286e-002
3.974997e-001
-4.858793e-002
-1.208724e-001
-5.564290e-001
-6.177513e-001
-4.238410e-001
2.749985e-001
5.722757e-001
7.037153e-001
9.080104e-001
7.215047e-001
-2.597690e-001
-1.037392e+000
-7.696911e-003
-2.547854e-001
-5.436303e-001
-5.263476e-001
6.251880e-001
4.224582e-001
2.918119e-001
-1.103673e+000
-9.991534e-001
6.421073e-001
1.191201e+000
5.003242e-001
1.412617e-001
3.361820e-001
-4.737374e-001
-7.672394e-001
-3.766445e-001
1.046311e+000
9.067638e-001
4.017090e-001
-6.826897e-001
-1.257035e+000
-2.054723e+000
-1.389484e+000
-4.992470e-001
1.115527e+000
2.493444e+000
1.819456e+000
5.161030e-001
2.346068e-001
5.461221e-001
-3.126829e-001
-2.622422e-001
-3.438664e-001
-8.069672e-001
-1.596114e+000
-8.873087e-001
-7.640299e-001
-5.010141e-001
1.657261e-002
9.040408e-001
9.408065e-001
6.187518e-001
5.411604e-001
1.131099e+000
8.764883e-001
-2.100843e-001
3.867399e-001
-9.253238e-001
-1.546618e+000
-1.757079e+000
-4.267080e-002
-2.311472e-002
1.192897e+000
6.432323e-001
6.041686e-001
9.816314e-001
2.863047e-001
-3.889654e-001
-7.673486e-001
-1.111822e+000
-1.685555e+000
4.627878e-002
2.338914e-001
3.881662e-001
1.281718e+000
2.390700e+000
-1.011668e+000
-1.268017e+000
3.871933e-001
6.527163e-001
-8.666058e-001
-4.249282e-002
2.043145e-001
3.148154e-001
-9.771118e-001
-1.577836e+000
2.538590e+000
7.140185e-002
-1.283809e+000
-1.342400e+000
3.310714e+000
-2.067114e-001
-7.332446e-001
-1.329967e+000
2.057803e-001
5.839699e-001
3.572182e-001
1.054754e+000
-6.882136e-001
-7.319666e-001
-6.653418e-001
6.067857e-001
-4.160994e-002
2.474545e-001
1.786128e-001
2.297066e-001
-8.690411e-001
5.634533e-001
5.077362e-001
-6.570892e-001
-6.555606e-001
9.534260e-001
3.450015e-001
-9.986726e-001
-9.531183e-002
-1.343702e-001
9.783097e-002
4.101612e-002
1.088162e+000
4.849771e-001
-1.372562e-001
-1.201067e-001
-1.833998e-001
-6.754653e-001
-3.634162e-001
9.595913e-002
-3.270610e-001
-2.250754e-001
2.942191e-001
1.417538e-001
1.608507e-001
5.810101e-001
-2.643376e-001
1.690528e-001
1.104619e-001
1.115643e-001
-3.835978e-001
3.285444e-001
-2.675005e-001
-3.570625e-001
-6.390914e-002
4.249537e-001
-4.392259e-001
-6.012351e-001
7.706468e-001
1.461706e+000
6.397009e-001
-6.854674e-001
-6.616097e-001
-1.032805e+000
-6.542126e-002
-4.260943e-001
-1.104429e+000
-1.461937e+000
6.330422e-001
1.872767e+000
1.757961e+000
8.238724e-001
9.649528e-001
4.166276e-001
-8.879921e-001
-6.951178e-001
-2.885103e-001
2.323537e-002
-1.040384e+000
-1.281038e+000
-1.379162e+000
-2.458865e-001
2.177957e-001
7.971183e-001
5.147410e-001
8.985504e-001
1.092380e+000
9.126192e-001
2.994182e-001
-7.500240e-002
-2.537843e-002
-1.600744e-001
-4.816513e-001
-1.360250e+000
-4.761941e-001
-2.109815e-001
-1.429810e-001
-7.042879e-001
1.147898e-001
1.742480e-001
4.580115e-001
5.497280e-001
8.185634e-001
4.152280e-001
5.142080e-001
6.400928e-001
-4.126071e-001
-8.002470e-001
-7.786857e-001
-6.136408e-002
-6.695931e-001
7.162319e-002
7.314320e-003
1.603659e-001
-4.071832e-001
4.236562e-001
-7.727910e-002
7.403711e-001
1.059112e+000
-3.253462e+000
1.068938e+000
3.236702e+000
-3.257070e-001
-6.246748e-001
-7.882174e-001
-7.786447e-001
1.464789e+000
-6.088247e-001
-4.025064e+000
6.658057e-001
3.124923e+000
-1.366152e+000
1.303256e+000
3.995545e-002
1.025169e-001
-2.225902e-002
2.896339e-001
-1.119230e-001
-5.039900e-002
-3.063246e-001
-5.872487e-001
-5.861126e-002
2.342428e-001
5.843326e-001
-1.305177e-001
-2.816685e-001
-1.114148e+000
-1.444290e-001
2.243642e-002
1.005515e+000
4.944733e-001
5.205284e-001
-9.734787e-002
2.620080e-001
-3.130242e-001
-2.628848e-001
4.397128e-001
-2.126014e-001
-2.228673e-001
-4.141838e-001
-2.984239e-001
-1.147618e+000
-5.266882e-001
-5.038789e-001
7.443921e-001
7.380581e-001
1.158570e+000
1.019162e+000
1.075447e+000
5.245774e-002
-1.808472e-001
-9.589911e-002
-8.024555e-001
-5.201262e-001
-8.894250e-001
-3.991401e-001
-1.284391e+000
-8.133755e-001
-3.907644e-001
4.365076e-001
7.121489e-001
1.416974e+000
9.113389e-001
8.767338e-001
9.856313e-001
7.014046e-001
3.206450e-002
-3.096624e-001
-5.825587e-001
-1.454926e+000
-7.980411e-001
-1.207887e+000
-1.004235e+000
-9.839531e-001
-1.074670e-001
2.490193e-001
9.502184e-001
1.191530e+000
2.133647e+000
1.542142e+000
5.416880e-001
-2.562225e-001
-2.483029e-001
-7.497108e-001
-8.626061e-001
8.722811e-002
-1.081005e+000
-1.284047e+000
-1.041143e+000
-1.738482e-001
-6.976490e-001
-1.431304e-001
7.783778e-001
1.945871e+000
1.730742e+000
1.273654e+000
4.101110e-001
-1.965665e-001
-5.509302e-001
-6.234916e-001
-4.730475e-001
-1.043444e+000
-6.388976e-001
-1.424988e+000
-1.702574e-002
8.257082e-001
1.156578e+000
-6.638177e-001
-4.680589e-001
8.532473e-001
5.345985e-001
-2.787115e-001
8.981370e-001
1.657470e+000
-3.824379e-001
-8.899630e-001
-5.142821e-001
1.072356e-001
-7.924201e-001
-5.796735e-001
-6.173036e-001
1.085908e-001
-5.527085e-001
-3.048265e-001
2.110548e-001
1.252360e+000
1.688799e+000
6.876804e-001
-4.325310e-001
-1.614777e-001
1.161556e-001
-7.325596e-001
-1.729832e-002
1.351431e-001
-4.395910e-001
-1.293466e+000
-2.457024e-001
-6.412363e-002
-2.170100e-002
-1.230882e-001
9.303319e-001
1.028646e+000
9.082782e-001
3.342612e-001
-7.183329e-001
-1.544850e+000
-4.580982e-001
6.820764e-001
3.875738e-001
-9.806009e-002
-1.808012e-001
-7.103650e-003
-2.792284e-001
6.887980e-001
8.411024e-001
2.057365e-001
-8.254499e-001
1.063008e-001
-3.323968e-001
-1.011639e+000
-6.251949e-001
8.425782e-001
4.975965e-001
-2.285831e-001
-1.353984e-001
-4.129844e-001
7.462895e-001
1.298980e+000
3.146102e-001
-9.328051e-001
-1.490301e-001
-5.888668e-001
-6.568130e-001
-4.008293e-001
3.155483e-001
7.156965e-001
8.609792e-001
-4.575232e-002
3.834360e-001
6.886122e-001
-7.782782e-001
-1.086264e+000
-3.017493e-001
-1.388630e-001
-5.893298e-001
3.094288e-001
3.053716e-001
4.422557e-001
-1.763209e-002
-4.561953e-002
2.353235e-001
7.002186e-001
-3.805901e-003
-1.148427e-001
-4.992432e-001
-6.465250e-003
8.855205e-001
-1.885689e-001
-1.511013e+000
-3.238171e-001
7.594485e-001
-2.062618e-001
3.346402e-001
3.186023e-001
-1.755466e-002
-6.244284e-001
7.633371e-002
4.256065e-001
4.787546e-001
-3.777961e-001
-7.859393e-002
8.189720e-001
3.636710e-001
-7.082387e-001
-1.171699e+000
-3.501547e-001
4.125961e-001
5.649017e-001
-3.192560e-001
1.414097e-001
5.421041e-001
2.762826e-002
-7.935295e-001
3.963038e-001
6.066928e-001
2.177430e-002
-6.254574e-001
-3.577384e-001
-2.743575e-001
4.173807e-001
4.353621e-001
-7.090795e-001
3.583156e-002
1.204815e+000
7.826702e-001
-8.040386e-001
-5.642645e-001
-4.514568e-001
2.060521e-001
-5.449468e-001
-4.472815e-001
6.195531e-001
1.067970e+000
-5.066373e-001
4.645585e-002
7.133844e-001
-8.884512e-001
-3.652754e-001
5.778096e-001
-2.525752e-001
-6.557094e-001
8.973227e-001
3.736556e-001
-9.676699e-002
-4.524774e-001
-5.115858e-001
-3.944242e-002
1.200000e+000
8.337773e-002
-8.331255e-001
-6.211217e-001
6.765804e-001
3.835025e-001
-5.724054e-001
-1.618248e-001
4.058932e-001
7.230193e-001
-4.161433e-001
-2.147375e-001
2.852278e-002
4.830360e-001
-4.546842e-001
-7.762094e-001
-4.228938e-001
6.531780e-001
4.883083e-001
5.943136e-002
4.661069e-001
1.898298e-001
-5.788104e-001
-8.123997e-001
2.102072e-001
4.681186e-001
3.223003e-001
-8.877943e-001
-4.594241e-001
7.571477e-001
9.381553e-001
-3.850704e-001
-2.042464e-001
9.860785e-002
1.139352e-001
-1.116400e-001
-2.959534e-001
-5.116873e-001
-1.035899e-001
7.269732e-001
1.348419e-001
-1.954703e-001
-1.007803e-001
3.088773e-001
-3.512283e-001
5.931451e-003
1.139481e-001
2.275313e-001
-1.358774e-001
1.402279e-001
-3.349363e-001
-4.138596e-001
1.916452e-001
3.678502e-001
3.416795e-001
-7.526162e-002
-2.953373e-002
-3.263835e-001
6.357042e-002
-4.440265e-001
2.298786e-001
3.256135e-001
9.803397e-002
-4.598632e-001
1.088453e-001
4.582674e-001
4.032673e-001
-6.532430e-001
-7.999830e-001
6.405116e-001
3.809985e-001
-3.361320e-001
-2.101449e-001
1.728380e-001
-5.106268e-001
5.325396e-001
5.317940e-001
-2.825284e-001
-5.857083e-001
2.180284e-001
3.485117e-001
4.537754e-001
-9.519095e-002
-1.904297e-001
-1.842092e-001
-2.451651e-001
7.050433e-002
-3.246932e-002
-2.544701e-001
-5.283506e-001
-1.785713e-001
6.485552e-002
8.172703e-001
3.012543e-001
3.735073e-002
2.252178e-001
7.592107e-001
1.272239e-001
-4.997172e-001
-7.734269e-001
-3.551541e-001
-2.309023e-001
-4.884853e-002
1.617859e-001
1.320794e-001
-4.923983e-002
-2.868520e-001
4.174517e-001
7.550838e-001
4.993177e-001
-6.307416e-001
-3.488247e-001
-1.599799e-001
-2.109701e-001
-6.558486e-001
1.951018e-001
6.626168e-001
4.235282e-001
-1.802593e-001
1.111705e-001
4.281244e-001
-5.310002e-002
-1.351772e-001
-2.271866e-001
6.531609e-002
-4.622620e-001
-2.007272e-001
-4.706218e-001
2.615545e-002
3.415536e-001
4.978915e-001
-1.338751e-001
6.539006e-002
4.344914e-002
-9.838649e-002
3.464192e-001
6.256373e-001
-2.697704e-001
-7.778561e-001
1.016953e-001
-2.199541e-001
-2.593257e-001
1.312688e-001
6.764635e-001
-6.659818e-002
1.658851e-002
-3.868533e-001
-2.664370e-001
-9.013283e-002
2.991978e-001
7.486664e-002
3.706983e-001
3.759354e-001
-2.530847e-001
-2.639038e-001
3.020878e-001
6.198682e-001
-5.662319e-001
-8.444402e-001
-8.151348e-001
1.354245e-001
3.804607e-001
8.523385e-001
-9.728898e-002
-5.167419e-001
-1.713542e-001
6.233444e-001
5.340876e-001
2.437485e-001
2.466530e-001
-1.778749e-003
3.809902e-002
-5.639350e-001
-5.944250e-001
-6.731171e-001
-7.848354e-002
-4.678775e-001
-1.474004e-001
3.206616e-001
1.181562e+000
5.465137e-001
6.994660e-002
-1.190736e-001
3.455896e-002
-1.476019e-001
-3.012564e-001
3.050956e-001
2.767675e-001
-1.287353e-001
-9.066628e-001
-1.578410e-001
5.711963e-002
1.175312e-001
-4.475973e-001
1.459402e-001
1.800010e-001
1.894449e-001
1.641684e-001
3.356808e-001
3.311098e-001
5.129354e-001
7.505351e-002
-9.317759e-001
-6.752546e-001
-3.129013e-001
2.828538e-001
2.022705e-001
4.158803e-001
-6.047772e-002
-9.014261e-003
-2.871254e-001
1.474924e-001
-1.014564e-001
-1.177497e-001
-8.225906e-002
4.420842e-001
4.262633e-001
6.487415e-002
-8.340256e-002
-3.931254e-001
-2.232222e-002
-7.689575e-002
4.438996e-002
-5.202511e-001
-6.614967e-002
-6.990421e-002
3.753406e-001
-6.216022e-003
7.599740e-002
2.654549e-001
4.507995e-001
-1.617333e-001
-2.313667e-001
1.849000e-001
1.135910e-001
1.088973e-001
-2.497860e-001
-1.091454e-001
-2.017803e-001
-2.714586e-001
-9.783079e-001
1.920311e-001
5.017451e-001
3.472762e-004
-4.750213e-001
6.541447e-001
6.903912e-001
4.128641e-001
5.426706e-001
4.505050e-001
6.021381e-002
-5.585945e-001
-7.205633e-001
-1.025582e+000
-5.449334e-001
-4.937281e-001
1.074752e-001
-7.335325e-002
4.986826e-001
4.795856e-001
7.825390e-001
6.710203e-001
3.843783e-001
-3.805988e-001
-3.388767e-001
-1.615333e-001
-2.754706e-001
5.058173e-002
-1.620045e-001
-3.044670e-001
-3.784733e-001
4.706172e-001
1.063189e-001
-7.673525e-003
-3.611922e-001
7.967757e-002
2.798248e-002
3.986501e-001
1.522924e-001
-1.090871e-001
9.515216e-002
3.907299e-001
4.051374e-001
-4.035745e-001
-5.588193e-001
-2.388009e-001
3.194888e-001
-4.597598e-001
-5.528379e-001
-1.291907e-001
5.169624e-001
3.487815e-002
1.211846e-001
3.416860e-001
4.427838e-001
4.904845e-002
3.137057e-001
4.306001e-001
-2.207102e-001
-4.737167e-001
-4.399299e-001
-2.961732e-001
-7.664466e-001
4.886792e-002
1.402358e-001
3.725814e-001
2.045167e-001
5.679237e-002
1.026912e-001
8.856595e-001
-4.386204e-002
-8.613901e-001
-1.063603e-001
3.192146e-001
-1.412750e-001
-1.378487e-001
2.786015e-001
-4.423988e-002
1.236373e-001
-2.498706e-001
-1.236417e-001
-2.821308e-001
1.972486e-001
2.122416e-001
4.901266e-001
-1.350155e-001
-3.271428e-001
-2.686845e-001
2.256235e-001
5.458971e-002
1.006811e-002
-9.289646e-002
-1.962391e-001
1.905133e-001
1.530672e-001
2.944127e-001
-2.473281e-001
-1.970637e-001
-2.317944e-001
3.271272e-001
-9.638715e-002
2.108770e-001
-8.796558e-002
-2.500274e-001
-2.275740e-002
6.066830e-001
1.222811e-001
-3.860027e-001
-1.587551e-002
-5.800993e-002
-3.510164e-002
-2.603548e-001
1.154727e-001
-2.017664e-001
6.006351e-002
-2.551102e-001
7.979570e-002
9.436995e-002
5.286166e-001
4.670476e-001
3.353873e-001
-1.681584e-001
-3.695477e-001
-5.733305e-001
-4.731715e-001
4.174436e-001
1.435507e-001
-2.530005e-001
-2.184229e-001
4.340744e-001
5.952499e-002
2.423567e-001
-5.961829e-002
6.609265e-003
-1.718036e-001
7.308246e-002
-1.160877e-001
4.937590e-002
1.616953e-002
3.105286e-002
1.590482e-001
-2.411712e-002
9.565867e-002
-3.348482e-001
-9.428890e-002
-2.173754e-001
3.078018e-002
-3.879471e-001
1.739851e-001
3.719626e-001
4.483965e-001
1.609810e-001
4.276089e-001
2.112120e-001
-3.654365e-001
-6.930785e-001
-2.856236e-001
4.302414e-001
1.725514e-001
-5.750457e-001
-1.023519e+000
2.269012e-001
3.646246e-001
1.255996e-001
6.506015e-002
7.939317e-001
4.218902e-001
1.777242e-001
-1.758844e-001
-2.008130e-002
-1.967512e-002
-4.271128e-001
-4.613867e-001
5.567608e-002
-1.651819e-001
-5.868612e-001
3.068244e-001
1.818060e-001
3.087427e-001
2.696555e-002
1.465769e-001
5.335175e-003
4.091218e-001
-2.768848e-001
-3.333041e-001
3.181074e-001
1.650617e-001
-6.814863e-002
-8.985746e-002
2.142127e-001
-2.655072e-001
-4.399902e-001
-6.211853e-001
2.149702e-001
3.484772e-001
9.247189e-002
-2.355475e-001
7.139748e-001
5.695760e-001
-4.901590e-002
-5.860691e-001
-1.134728e-001
1.572527e-001
1.547554e-001
-1.359637e-001
-2.357991e-001
-2.176429e-001
-3.368592e-001
1.920552e-001
1.334408e-001
2.084462e-001
-1.849445e-001
1.260998e-001
-1.309985e-001
2.153652e-001
7.462668e-002
3.069073e-001
2.528396e-001
2.273861e-001
-4.444141e-001
-6.700922e-001
3.434666e-002
-1.073282e-001
-6.071837e-002
-1.049267e-002
2.820958e-001
-3.468669e-001
4.874847e-001
5.937775e-001
2.190025e-001
-5.716104e-001
-1.847036e-001
-2.636744e-001
-4.351055e-001
-8.323587e-002
3.573160e-001
3.875031e-001
2.305516e-003
2.934204e-001
3.018030e-002
1.816483e-001
-4.857072e-001
-8.925394e-002
-2.368300e-002
1.518633e-001
-3.466155e-001
1.406581e-001
-8.898893e-002
-1.774207e-001
4.364957e-001
6.627815e-001
6.952817e-002
-1.288249e-001
1.796732e-001
-7.858484e-001
-6.405057e-001
-2.940583e-001
-1.742405e-001
-8.307942e-001
4.134904e-001
4.327079e-001
3.247414e-001
6.967702e-001
1.529813e+000
9.142238e-001
1.742994e-001
2.769997e-002
-6.084885e-001
-1.220879e+000
-1.737665e+000
-1.227461e+000
-8.255724e-001
2.819032e-001
3.539430e-001
1.306821e+000
1.965716e+000
1.756036e+000
-9.814611e-001
-1.563405e+000
-1.942260e-001
1.191146e-001
-5.904937e-001
3.406285e-001
1.833912e+000
4.403211e-001
-1.016258e+000
-1.049165e+000
-3.072122e-001
-1.216374e+000
-7.550587e-001
-4.876558e-001
1.113073e-001
4.577841e-001
1.747847e+000
2.302944e+000
1.368833e+000
-2.147169e-001
-3.429554e-001
-7.869624e-002
-1.060726e+000
-1.563672e+000
-5.344226e-001
-1.494493e+000
-7.171858e-001
2.092067e-001
8.074058e-001
7.198975e-001
6.183173e-001
1.974312e-001
-7.906595e-001
1.739809e+000
1.079996e+000
5.334705e-001
-2.007431e-001
1.025347e-001
-1.180953e+000
-1.366359e+000
-3.306450e-001
-5.150714e-001
9.407150e-002
-7.015696e-001
-2.172339e-001
2.636364e-001
1.166946e+000
1.514847e+000
9.996346e-001
-5.029970e-001
-1.099680e+000
-3.618679e-001
-1.822062e-001
2.938805e-001
2.632985e-002
-7.298878e-002
-1.238728e-001
-6.417870e-002
-1.470367e-001
1.687131e-001
2.038993e-001
-2.913813e-001
-4.505735e-001
-1.189863e-002
2.986924e-001
4.910088e-001
3.402631e-001
4.123366e-001
-1.865264e-001
-3.400790e-001
-4.287857e-001
-2.311093e-001
4.857053e-001
-6.454932e-002
1.144762e-001
-6.999821e-001
-8.231545e-001
-2.133635e-001
1.020974e+000
7.645446e-001
-1.143569e-001
-1.100159e-002
1.710273e-001
4.999881e-001
-1.651853e-001
3.873278e-001
3.772359e-001
-8.208633e-001
-1.388330e+000
-3.637650e-001
-1.956267e-001
-3.265121e-002
7.848224e-001
9.656343e-001
1.457872e-001
-1.445199e-001
-1.447626e-001
-2.763380e-001
-2.951772e-001
2.853621e-001
3.688310e-001
2.618907e-001
-1.593031e-001
-2.252783e-001
-1.823223e-001
-2.770130e-001
-3.880177e-001
1.562015e-001
4.999764e-001
1.546696e-001
-1.445095e-001
-8.889021e-002
1.412190e-001
-2.660430e-004
1.003056e-001
-2.258152e-001
1.849591e-001
5.386705e-002
-2.531766e-001
-4.321964e-001
1.876887e-001
1.826971e-002
5.848148e-001
5.439527e-001
-4.720333e-001
-8.161887e-001
1.840294e-001
3.937250e-001
-3.697000e-001
2.142461e-001
1.327236e-001
-2.702472e-003
-1.293022e-001
3.645443e-001
-2.937300e-001
-5.813869e-001
4.944344e-002
6.809988e-001
8.903329e-002
-8.107411e-002
1.056250e-001
-2.545405e-002
-7.767373e-001
-6.789385e-001
5.756922e-001
7.319004e-001
3.419634e-001
1.832911e-002
4.368316e-001
-1.083117e-001
-3.983115e-001
-6.193898e-001
-1.029382e-001
1.100025e-001
-1.029955e-001
-3.752296e-001
-3.705746e-002
1.777137e-001
-3.614037e-002
2.978919e-001
2.049184e-001
1.748808e-001
2.663938e-001
7.211081e-001
7.198843e-002
-2.785571e-001
-3.882492e-001
-1.912593e-001
-4.791767e-001
-4.557798e-001
-3.611254e-001
-6.987857e-002
1.789027e-001
4.501412e-001
4.962100e-001
-1.764197e-001
-1.680988e-001
1.498210e-001
7.747511e-001
3.009723e-001
6.731485e-002
-2.960574e-001
-3.022512e-001
-5.018036e-001
-2.235284e-001
-2.610234e-001
-3.717974e-001
1.139307e-001
5.231686e-001
4.275709e-001
1.942318e-001
1.906606e-001
-6.907235e-002
-9.424038e-002
-4.351980e-001
-3.603811e-001
-5.284383e-002
3.658210e-001
-7.617670e-002
2.147198e-001
2.032846e-001
2.592024e-001
-3.742985e-002
-1.918692e-001
-4.400705e-001
-2.873032e-001
1.388379e-001
9.730780e-002
2.539668e-001
1.133965e-001
2.809612e-001
-2.234803e-001
-1.262771e-001
-4.449939e-002
-3.738395e-002
-2.849404e-001
1.938353e-001
2.439444e-001
-1.369452e-001
-2.196796e-001
1.789579e-001
3.874325e-001
-1.896670e-002
-5.939308e-002
-3.949256e-002
4.120795e-002
-5.430566e-001
-3.820262e-001
-1.810083e-002
5.543643e-001
1.086568e-001
-8.239304e-002
-2.303061e-002
4.029593e-001
3.336815e-001
-1.754489e-001
-3.405071e-001
1.360800e-001
3.865980e-002
-4.415188e-001
-1.684987e-002
2.210784e-001
3.225494e-002
-3.367287e-001
-8.535343e-002
-3.068702e-001
1.565213e-001
3.858678e-001
3.166465e-001
-1.163461e-001
2.466217e-001
3.687414e-001
-1.178644e-001
-4.208002e-001
1.313649e-001
3.787022e-001
-6.546826e-001
-6.483345e-001
3.075742e-002
2.218539e-001
-2.589923e-001
2.966653e-001
1.797516e-001
6.198921e-002
6.625383e-002
3.152464e-001
1.363247e-001
1.997777e-001
1.594660e-002
-2.330562e-001
-2.397720e-001
-6.234081e-002
-6.583108e-002
-4.318462e-001
-1.218255e-001
1.316133e-001
2.093923e-001
-4.973485e-001
-1.008108e-001
4.784503e-001
7.437205e-001
7.665877e-002
-1.144778e-001
1.145637e-001
2.151948e-001
-1.779146e-001
-3.582267e-002
2.010911e-001
-2.592203e-001
-3.194128e-001
-3.057282e-001
-4.809078e-001
-1.049009e+000
-8.048055e-001
-2.715959e-001
1.321046e+000
1.916710e+000
1.601747e+000
4.703917e-001
-1.688606e-001
-6.404219e-001
-7.890069e-001
-8.799022e-001
-7.637035e-001
-4.643034e-001
-1.339468e-001
4.551205e-001
3.780402e-001
3.377442e-001
6.652129e-002
1.210077e-001
-3.639021e-002
3.422720e-001
5.365071e-002
-1.147525e-001
-2.952026e-001
-1.196287e-001
-1.369006e-001
-1.595116e-001
1.258433e-001
2.881145e-001
3.255202e-001
9.550887e-003
2.686936e-002
-1.563067e-001
2.240065e-002
-1.216976e-001
-5.999008e-002
-3.501731e-001
-2.772563e-002
9.599856e-002
2.511560e-001
-1.232073e-002
-1.020887e-001
-1.263233e-001
-6.355879e-002
2.830690e-001
3.207340e-001
6.225276e-002
-3.619696e-001
-1.668623e-002
1.368334e-001
1.516838e-001
-2.898729e-001
-3.900056e-002
-8.573490e-002
-6.450065e-003
1.522013e-002
2.146124e-001
-2.085858e-001
-3.981902e-001
1.976279e-001
4.236392e-001
2.239368e-001
-9.849693e-002
6.331752e-002
-1.458018e-001
5.771932e-003
-3.357156e-001
5.232593e-002
1.318835e-001
-3.600375e-002
-2.666918e-001
4.179053e-001
1.888400e-001
-5.245760e-001
-1.970668e-001
3.766276e-001
-2.600017e-002
-2.468069e-001
3.872648e-001
4.131048e-001
1.363122e-001
-4.427572e-001
-2.882726e-001
-1.358135e-001
1.371492e-001
-1.411980e-001
1.833854e-001
1.290839e-001
-4.264702e-003
-2.209493e-001
3.391724e-002
-2.476662e-002
-8.875731e-002
3.349762e-001
2.783277e-001
-6.854689e-002
-3.291769e-001
5.385298e-002
-2.697614e-001
-2.938904e-002
3.412993e-001
3.455482e-001
-4.520708e-001
-2.871886e-001
1.574675e-001
2.626503e-001
-2.691780e-002
9.128856e-002
7.461799e-002
-2.516747e-001
-8.961444e-002
1.385173e-002
6.620878e-002
-3.539292e-001
9.436624e-002
1.868364e-001
2.252812e-001
8.340223e-002
1.879792e-001
-1.929579e-001
-2.067875e-001
-2.822300e-001
-1.133620e-001
2.397620e-001
3.507211e-001
3.756907e-002
-2.104640e-001
-8.768967e-002
-2.036788e-001
2.356170e-001
2.517560e-001
2.084693e-001
-2.612129e-001
-5.979752e-002
-4.118250e-001
-3.438477e-001
2.015340e-001
6.720982e-001
2.165970e-001
-1.830517e-001
-9.759399e-002
-1.344071e-001
-2.267826e-001
-3.734360e-003
2.359827e-001
-2.349880e-001
-1.392234e-001
2.784110e-002
4.461045e-001
-4.894890e-002
1.280087e-003
4.237644e-002
3.715830e-001
-1.161999e-001
-1.949634e-001
2.126688e-002
-1.959297e-001
-5.356080e-001
-2.587808e-001
4.561718e-001
2.138229e-001
4.247781e-001
1.065001e-001
-3.225222e-001
-4.403849e-001
3.563332e-001
-1.385610e-002
-9.006485e-002
-2.892155e-003
3.632062e-001
2.805107e-001
-1.216234e-001
-5.324795e-001
-2.737801e-001
2.920702e-001
-5.353490e-002
-1.445851e-001
-2.203991e-001
1.444171e-001
3.362644e-001
3.521157e-001
-3.001230e-001
1.489062e-001
1.731476e-001
-1.075204e-001
-8.437260e-002
2.431025e-001
-2.840873e-001
-5.664930e-001
6.831627e-002
2.778107e-001
-6.009938e-002
-1.512590e-001
4.929231e-001
1.615377e-001
-2.320388e-001
-2.616623e-001
4.984500e-001
-9.076867e-002
-4.443667e-001
-3.207864e-001
2.169399e-001
7.205050e-002
-1.972516e-002
4.179342e-003
3.291202e-001
3.481560e-001
3.226210e-003
1.529041e-001
-1.761425e-001
-3.752185e-001
-4.474896e-001
9.468333e-002
-1.542689e-001
1.451515e-001
1.356495e-001
3.624623e-001
1.509068e-001
-6.743442e-002
-1.031971e-001
-1.468277e-002
-1.032067e-001
-4.853884e-001
-5.832429e-002
3.305162e-001
3.202449e-001
-9.491706e-002
1.145014e-001
-3.410766e-002
1.509425e-003
-8.777772e-002
6.216214e-002
-2.883736e-001
1.506347e-002
5.946771e-002
1.536424e-001
1.819262e-001
-3.222657e-002
-2.482779e-001
1.749424e-002
3.196395e-002
-5.106257e-001
4.413180e-002
2.405324e-001
-4.298740e-002
-2.546965e-001
7.788161e-001
5.059847e-001
2.834651e-001
1.830484e-001
-2.963398e-001
-1.296308e+000
-6.285703e-001
4.731528e-001
4.650176e-001
-1.180499e-001
-6.875631e-001
-4.677745e-001
4.298929e-001
1.107511e+000
2.317918e-001
1.373998e-002
9.942241e-002
1.920627e-001
-2.398887e-001
2.215897e-001
1.010053e-001
-5.564953e-001
-6.010735e-001
-3.509400e-001
-3.653484e-001
1.431775e-001
6.717465e-001
1.717509e-001
-6.501669e-002
1.589401e-001
4.270236e-001
-2.853225e-001
-1.995586e-001
7.900786e-002
4.411404e-001
-3.241607e-001
-2.451668e-002
5.019104e-002
-4.129952e-001
-1.413864e-001
3.139343e-001
-2.064561e-001
-4.870242e-001
5.059907e-001
6.974186e-001
3.318124e-001
-4.654631e-001
-8.975424e-001
-4.794500e-001
9.680648e-001
6.345782e-001
1.051206e-001
1.156961e-001
-1.220239e-001
-6.668807e-001
1.014801e-002
-1.624642e-001
-9.374566e-001
-1.727177e-001
5.491136e-001
2.489670e-001
1.440832e-001
7.797032e-001
4.421062e-001
3.532132e-001
-7.669722e-001
-7.221913e-001
1.813252e-001
4.757252e-001
-5.757367e-001
-4.220905e-002
4.890594e-001
-5.770910e-001
-5.623509e-001
5.256433e-001
4.832771e-001
-1.325004e-001
2.770781e-001
1.905936e-001
-7.989029e-002
-4.621520e-001
-2.145603e-001
-1.170479e-001
-3.670849e-002
-4.093468e-001
2.777946e-001
7.959675e-001
4.633203e-001
-2.408461e-001
-1.630708e-001
5.006486e-001
-1.522247e-001
-1.139269e+000
-4.368674e-001
5.576210e-001
2.141145e-002
4.620274e-001
3.560028e-001
-4.109457e-001
-3.677082e-001
4.823477e-001
-1.856793e-001
-3.000807e-001
2.562936e-001
3.814596e-001
-2.926267e-001
-5.498510e-001
4.608760e-001
7.288658e-001
-2.898521e-001
-5.778870e-001
1.130079e-001
-2.268448e-001
1.762612e-001
1.684459e-001
-1.848250e-001
-2.170042e-001
5.530253e-001
-1.562467e-002
-3.415031e-001
3.025156e-001
2.643777e-001
-5.242380e-001
-4.207908e-001
7.007109e-001
4.046056e-001
-4.498309e-001
-5.138940e-001
4.597142e-001
-2.130218e-001
-3.905042e-001
4.807674e-001
6.907735e-001
-3.726323e-001
-2.531675e-002
2.043670e-001
-4.773077e-001
-6.659307e-001
-5.734555e-002
3.709580e-001
4.363896e-001
2.617642e-001
-3.074971e-002
1.696117e-001
-3.570691e-001
3.791251e-002
-4.840409e-002
-3.102980e-001
-3.233289e-001
6.412736e-001
3.838384e-001
-3.657648e-001
-3.898835e-001
2.479430e-001
2.006796e-001
-2.905808e-001
-1.246173e-001
2.138602e-001
1.788796e-001
-3.477355e-001
9.987709e-002
3.009892e-001
1.971923e-001
-2.093824e-001
5.910693e-002
-1.556263e-001
-1.833993e-001
-2.510132e-002
1.406741e-001
-4.141032e-001
-9.810359e-002
4.205899e-001
9.964101e-002
-3.352862e-001
-9.344254e-002
5.159992e-001
2.670492e-001
3.158019e-001
-7.801563e-002
-1.876367e-001
-3.734832e-001
1.658798e-001
-1.483596e-001
-3.306074e-001
-1.369683e-001
2.474325e-001
-3.944902e-001
-4.118648e-001
1.573242e-002
4.053662e-001
5.700361e-001
3.852015e-001
2.915188e-001
3.015986e-001
3.048810e-001
-6.055624e-001
-2.486529e-001
-6.021125e-001
-6.382221e-001
-2.492278e-001
6.008683e-001
-1.412404e-003
3.564706e-001
3.080685e-001
-3.745069e-001
-3.217827e-001
2.362962e-001
4.648064e-001
3.830396e-001
1.879908e-001
-6.423030e-001
-3.158078e-001
-3.117870e-001
1.909761e-002
-1.315678e-001
4.990924e-001
3.732727e-001
3.391125e-001
-2.935733e-001
4.820735e-002
-1.510208e-001
-8.146078e-001
-4.647395e-001
5.479696e-001
7.057019e-001
7.418049e-002
1.925981e-001
-1.496077e-001
8.141874e-002
-3.417376e-001
-2.034035e-001
-2.430351e-001
2.081984e-001
-1.320884e-001
1.203743e-002
2.601315e-002
2.205991e-001
-7.505191e-003
-2.860735e-001
2.463231e-001
5.543324e-001
2.720856e-001
-4.731720e-001
3.089750e-002
-1.732342e-001
-1.138817e-001
-5.317847e-001
3.960356e-001
4.741655e-001
-3.553310e-001
-8.112980e-001
1.433210e-001
5.473568e-001
2.678975e-001
2.805026e-001
-1.503033e-001
-1.235798e-001
-1.850216e-002
2.107294e-001
-4.851557e-001
-2.596614e-001
-1.890326e-001
2.280680e-001
2.147344e-001
5.818785e-001
-6.097524e-002
-1.034923e-001
2.289017e-001
1.348273e-001
-1.551474e-001
-1.638297e-001
-3.324908e-001
-7.873200e-001
-3.694624e-001
-4.719489e-003
6.037655e-001
3.571271e-001
4.946956e-002
4.974652e-002
6.663754e-001
6.387043e-002
1.291624e-001
1.271029e-001
-6.074249e-003
1.562160e-001
-3.623483e-001
-1.013077e+000
-4.534355e-001
2.791630e-001
-4.628386e-001
-1.151474e-001
-8.068156e-002
1.922121e-001
5.838499e-001
9.752658e-001
4.538475e-001
3.627391e-001
-2.138768e-001
-5.421116e-001
-4.989844e-001
-2.657533e-001
-3.280686e-001
-7.771391e-002
4.839053e-001
2.025904e-002
-1.199716e-001
-5.286411e-002
1.647051e-001
-3.325295e-001
2.771335e-002
-1.663521e-001
5.403763e-001
7.926982e-001
9.261746e-002
-7.821314e-001
-1.956455e-001
8.995490e-002
-1.569564e-001
1.126711e-001
-3.528839e-003
-3.189498e-001
2.201203e-002
6.622715e-001
-3.438620e-001
-1.237716e-001
1.670451e-001
9.900368e-002
-3.296013e-001
2.968956e-001
-2.072291e-001
-1.229982e-001
4.354980e-001
4.219287e-001
-5.439681e-001
-5.139319e-001
1.578649e-002
1.155632e-001
4.450548e-001
2.546072e-001
2.015945e-001
-4.378577e-001
-6.236473e-002
-6.830529e-002
1.042405e-001
-2.677864e-001
-1.403041e-001
-4.151364e-001
-1.657821e-001
2.335083e-001
2.822691e-001
3.387542e-001
4.537364e-001
4.368119e-001
-1.437635e-001
-1.388932e-001
-2.281646e-001
8.308395e-002
-4.775668e-001
-1.329884e-001
-2.174146e-001
7.687567e-003
-3.083812e-001
6.395974e-002
-8.934772e-002
3.265756e-001
4.509067e-001
9.629815e-002
5.067756e-002
1.269584e-001
2.617015e-001
-1.005200e-001
7.341746e-002
-5.554986e-001
-3.944007e-001
-5.000650e-002
3.603620e-001
-3.804624e-001
-1.165763e-002
2.511694e-001
4.728193e-001
9.970612e-002
-1.416625e-001
-1.949713e-001
-1.269250e-001
-2.443357e-003
-3.126005e-001
1.582630e-001
2.461445e-001
2.570150e-001
-2.955041e-001
2.991307e-001
-3.241430e-002
-3.116394e-001
-2.930006e-001
3.309438e-001
3.618068e-002
-1.814176e-002
-1.676011e-002
1.028031e-001
-2.508263e-002
-3.824878e-002
1.818624e-001
-2.228440e-001
-2.171219e-001
-9.894802e-002
6.914251e-001
-4.016598e-002
-1.519583e-001
-4.253151e-001
6.578673e-002
5.260794e-002
2.779046e-001
-6.242647e-002
-2.521644e-001
6.671220e-002
2.724235e-001
-1.538499e-002
-3.194834e-001
3.798329e-001
-7.327627e-003
-6.702397e-003
3.036993e-002
1.738315e-001
-7.241878e-001
-9.027586e-002
1.285271e-001
1.906953e-001
-7.571025e-002
-6.797833e-002
1.900149e-002
4.822874e-001
2.737591e-001
-5.521270e-001
-4.576410e-002
3.176036e-001
2.861013e-001
-2.564764e-001
-8.058397e-002
-3.392943e-001
1.355398e-001
-1.773061e-001
-1.152357e-001
-2.201446e-001
1.240782e-001
-1.236647e-001
1.301653e-001
6.370819e-001
4.760512e-001
1.056228e-002
-4.556494e-001
-7.240302e-002
-3.081268e-001
5.980416e-002
5.758826e-002
1.754601e-001
-4.385534e-001
4.908889e-002
1.138088e-001
1.247230e-001
-3.433085e-001
-7.193279e-002
1.942506e-002
2.345765e-001
3.270931e-001
4.841783e-002
1.274799e-001
1.322108e-001
-2.094805e-003
-5.762113e-001
1.257937e-001
2.755357e-001
-1.837977e-001
-9.402697e-001
2.596319e-002
3.421321e-001
2.585980e-001
1.395369e-002
3.320384e-001
1.095581e-001
-1.103516e-001
-2.971514e-002
-8.136765e-002
9.156497e-002
1.153656e-001
3.615293e-001
-4.435609e-001
-1.586674e-001
-1.813486e-001
-2.007063e-001
-3.960536e-001
3.395346e-001
5.895540e-002
2.830537e-001
8.843459e-002
-1.030167e-001
2.513119e-001
1.701382e-001
-1.052335e-001
2.881729e-002
2.618763e-001
-2.574080e-001
2.462357e-001
-4.205928e-001
-6.656475e-001
-3.031096e-001
6.075429e-001
5.622893e-002
-1.222931e-001
7.106968e-002
8.787106e-001
4.089449e-002
-9.790798e-001
-4.574105e-002
6.429998e-001
4.794808e-002
-4.278850e-001
7.232344e-002
-9.643401e-002
1.659319e-001
-4.205232e-001
-8.155170e-002
4.537788e-001
7.009871e-001
-8.332774e-003
-1.512287e-001
-2.822113e-001
-9.737517e-002
9.547565e-002
-2.597271e-001
-9.246013e-001
-8.686600e-001
6.347576e-001
1.027549e+000
7.459984e-001
-2.366659e-002
-1.166361e-001
-1.342761e-001
6.631449e-001
-3.385792e-001
-8.116444e-001
-3.989085e-001
2.755159e-001
2.276813e-001
1.192660e-001
-3.429221e-004
-2.623073e-001
-1.319043e-001
1.293716e-002
3.631529e-001
-4.536877e-002
1.985331e-001
1.890403e-001
-3.903025e-003
-7.404111e-001
-1.764395e-001
2.329639e-001
6.024286e-001
5.020877e-003
-2.848352e-001
-9.357130e-002
1.449079e-001
6.040862e-002
-3.571060e-001
-7.743409e-002
4.782090e-001
5.862321e-001
-7.228039e-001
-4.490329e-001
1.913369e-001
4.074193e-001
-3.427448e-001
-2.831228e-001
-8.706142e-002
7.304746e-001
3.348938e-001
-3.623185e-001
-2.021537e-001
8.307462e-002
-1.192982e-001
-2.005414e-001
3.283637e-001
2.476128e-001
-1.369244e-001
-8.242159e-001
1.401570e-001
4.982182e-001
6.784204e-001
-5.102482e-002
-4.105911e-001
-5.256314e-001
1.521509e-001
1.559990e-001
-1.516541e-001
-1.635075e-001
-1.282002e-001
5.613876e-001
3.225619e-001
-3.500487e-001
-4.757212e-001
5.609339e-001
1.999008e-001
-2.133883e-001
-4.898092e-001
1.687197e-001
5.038537e-002
6.706705e-002
-2.746792e-001
5.742735e-002
3.933682e-001
3.081694e-001
4.507154e-002
-3.043927e-002
-4.445199e-002
-6.131517e-001
9.470342e-002
1.856811e-001
-4.392426e-002
-6.022479e-001
-1.552719e-001
-5.291107e-002
5.067241e-001
3.154871e-001
4.784409e-001
2.746182e-002
-2.330569e-001
-5.029231e-002
4.029043e-002
-1.942477e-001
-4.550368e-001
1.631211e-001
5.239841e-003
2.221845e-001
-1.072487e-001
1.124641e-001
-2.878464e-001
8.839017e-002
2.071395e-001
3.182916e-001
-3.057825e-001
-1.940793e-001
4.443844e-002
1.043791e-001
-1.936449e-001
-1.145254e-001
4.006205e-001
6.708120e-002
2.244824e-001
-4.654133e-002
-2.582831e-001
-5.326839e-001
1.053295e-001
-2.376694e-001
8.645026e-002
2.841586e-001
3.563399e-001
5.978565e-002
2.485089e-001
1.892898e-001
-1.793234e-001
-5.524586e-001
-3.189551e-001
3.390704e-001
-1.647913e-001
1.236040e-001
2.888719e-001
8.694431e-002
-8.475558e-001
-1.332638e-001
2.156456e-001
3.827170e-001
1.839554e-001
2.901891e-001
-2.871359e-002
-1.599196e-001
8.138213e-002
2.512942e-002
1.573574e-001
4.705102e-002
-3.060852e-001
-7.201044e-001
2.046898e-002
-1.035244e-001
1.139923e-003
2.486162e-002
5.222620e-001
3.634544e-002
1.574578e-001
1.578927e-001
1.675463e-001
-5.143099e-002
-3.065044e-001
2.033086e-001
1.286584e-001
-5.201337e-002
-4.662510e-001
-2.057754e-001
-3.155836e-001
5.368456e-002
9.816843e-002
2.981402e-001
1.709270e-001
3.030366e-002
-1.173376e-001
2.852137e-001
1.426489e-001
1.278344e-001
-3.019195e-001
-2.260601e-001
2.304548e-001
1.479766e-001
-2.350645e-001
-3.144078e-001
9.390735e-002
-2.291816e-001
-1.246557e-001
-3.257380e-001
1.809428e-002
1.690104e-001
7.967820e-001
3.120984e-001
-7.822915e-003
-5.940814e-001
5.007221e-001
1.257837e+000
3.998791e-001
-8.460163e-001
-1.007732e+000
-7.491426e-001
-1.596149e+000
-4.363932e-001
9.631814e-001
1.384740e+000
2.240725e-001
4.194310e-001
2.012645e-001
1.209574e-001
1.302740e-001
-3.242677e-003
-3.891518e-001
-3.462728e-001
-4.965423e-001
-3.081842e-001
4.540059e-001
1.907990e-001
1.081951e-001
1.120704e-002
1.244812e-001
-4.834246e-001
-3.411285e-002
8.196756e-002
3.017038e-001
-3.414508e-002
5.662987e-002
2.702269e-002
1.321278e-001
-1.689111e-001
-8.606587e-002
9.090716e-003
-1.950633e-001
8.771454e-002
2.477628e-001
-1.770133e-002
-4.050499e-001
1.224748e-001
-8.435521e-002
7.153339e-002
4.143679e-002
2.532105e-001
9.436650e-002
2.343525e-001
-2.450435e-001
-2.471392e-001
4.650941e-002
-3.332434e-002
-5.658521e-002
4.059198e-002
7.397300e-002
-2.631254e-001
1.284889e-001
-2.157286e-001
5.050284e-002
1.383988e-001
2.923952e-001
-2.188213e-001
3.214858e-001
8.888447e-002
-2.988454e-001
-1.034532e-001
3.017355e-001
1.123032e-001
-3.103267e-001
-2.405339e-001
-2.380322e-001
5.496033e-002
-4.564108e-002
3.656246e-001
1.967620e-001
1.302341e-001
-4.993614e-001
2.548907e-002
1.863602e-001
4.158368e-001
5.342610e-002
-2.207752e-001
-3.518753e-001
-4.406343e-002
2.080277e-001
-2.140838e-001
-3.394982e-002
1.266682e-002
1.616630e-001
-1.426292e-001
1.421433e-001
-3.810748e-001
6.328905e-002
3.220528e-001
2.770204e-001
-1.305600e-001
3.261364e-001
3.087816e-001
-6.292895e-002
-4.876246e-001
-4.799373e-001
-1.657967e-001
-2.799116e-001
-2.993084e-002
2.755601e-001
5.729428e-001
-5.150319e-002
1.143743e-001
3.443327e-002
3.213820e-001
-4.260061e-001
-3.133864e-001
5.212158e-002
2.457232e-001
-4.080519e-002
4.264910e-002
6.682496e-002
-2.153169e-001
-1.457535e-002
-1.889468e-001
2.329615e-001
2.628069e-002
1.110238e-001
-3.609394e-001
2.013773e-001
1.548114e-001
1.144501e-001
-3.436387e-001
6.890073e-002
1.362382e-001
2.214465e-001
-4.667287e-002
-4.280173e-001
-7.292153e-002
2.230840e-001
9.285829e-002
-3.453148e-001
1.874384e-001
-7.881054e-002
1.649062e-002
-7.448401e-002
5.046711e-001
1.048739e-001
-1.764070e-001
-3.394830e-001
1.647809e-001
1.774825e-001
-5.586175e-002
-2.291549e-001
-1.582907e-001
9.641936e-002
-1.375870e-002
6.170191e-002
-4.238326e-002
2.853768e-001
-1.137693e-001
1.031948e-001
-2.844050e-001
1.291630e-001
1.246059e-001
8.717668e-003
-3.395329e-001
2.375084e-001
1.496306e-001
-3.001067e-001
1.065666e-001
1.462525e-001
-6.112710e-002
-2.744549e-001
2.361240e-001
-1.168321e-001
9.925878e-003
-5.510353e-002
1.767754e-001
-8.747004e-002
1.903251e-001
9.506166e-002
-6.328389e-003
-3.581080e-001
-4.516472e-002
3.237064e-001
-1.659626e-001
-4.181668e-001
5.291155e-002
7.568630e-001
4.408101e-002
-1.879619e-001
-2.981660e-001
2.039012e-001
-2.654205e-001
-1.101759e-001
5.725817e-003
2.750529e-001
-2.714272e-001
-5.474756e-002
1.192039e-001
1.826784e-001
3.709418e-001
-5.829433e-002
-2.579272e-001
-5.786608e-002
1.652636e-001
-3.760247e-001
2.813903e-001
1.302139e-001
-2.703474e-002
-4.299303e-001
-9.937041e-002
-6.498764e-002
2.900584e-001
4.791287e-002
-1.558542e-003
7.683988e-002
2.174490e-001
2.367419e-001
-4.139041e-001
-2.715527e-001
1.128989e-001
4.959624e-001
-1.592343e-001
-2.036945e-001
-4.298418e-001
3.223824e-001
2.214216e-001
-6.048468e-002
-5.231092e-001
-9.072560e-003
4.409940e-001
3.974411e-001
-2.023107e-002
-2.030464e-001
-9.074611e-002
-1.130482e-001
-8.839970e-002
-4.427149e-001
2.297390e-001
4.063785e-001
2.127564e-001
-3.525639e-001
4.179189e-001
1.434126e-001
-2.603090e-001
-3.001418e-001
9.146709e-002
-1.823672e-001
-1.999914e-002
9.812992e-002
-1.262849e-001
1.086503e-001
7.690835e-002
1.630802e-002
-2.661686e-001
5.056915e-001
1.879102e-001
-1.285914e-001
-4.499961e-001
1.289487e-001
-2.316295e-001
-2.654751e-003
2.111387e-001
-7.517755e-002
-1.852629e-001
5.554421e-001
5.004406e-001
-4.672102e-001
-2.069381e-001
-3.754029e-003
1.555874e-002
-3.954126e-001
2.250762e-001
-8.034694e-002
-3.254859e-002
5.840450e-002
1.890270e-001
-3.066415e-001
3.495027e-001
3.913447e-001
-3.587151e-001
-3.673984e-001
3.099229e-001
1.560401e-001
-3.949063e-001
1.773815e-001
9.382972e-002
2.025069e-002
-1.727125e-001
1.806867e-001
-2.663874e-001
6.454855e-002
6.913332e-003
5.264981e-002
-3.420114e-001
4.882621e-002
4.986881e-001
3.372638e-001
-4.357190e-001
-2.293810e-001
5.318169e-001
-1.058634e-001
-3.115515e-001
-1.488031e-001
3.188525e-001
-4.927269e-001
-1.632361e-002
2.238105e-001
2.293456e-001
-1.241558e-001
2.581258e-001
-1.501378e-001
-1.292394e-001
1.324246e-001
-4.131636e-002
-4.568408e-002
-7.356741e-003
2.002429e-001
-2.093970e-001
4.854464e-002
-5.935030e-002
2.266718e-002
-1.887177e-001
3.520578e-001
-1.800978e-001
-1.422478e-001
2.133520e-001
5.158942e-001
-3.394867e-001
-4.055822e-001
-1.752607e-001
3.814433e-002
4.113280e-001
3.290632e-002
8.471141e-003
-2.420648e-002
-1.206803e-001
-2.148493e-001
4.293658e-001
-7.347903e-002
-2.529136e-001
-1.739035e-001
2.794780e-001
2.495066e-001
9.793959e-002
-6.074585e-001
-3.887278e-002
5.150684e-001
1.336337e-001
1.043035e-001
6.884274e-002
3.217571e-002
-4.877768e-001
-2.039906e-001
-6.392342e-001
-1.552720e-002
2.465415e-002
1.475868e-001
-2.024711e-002
7.958687e-001
6.345266e-001
1.046523e-001
6.090613e-002
-5.063050e-002
-4.165687e-001
-5.503634e-001
-2.705245e-002
-1.259193e-001
-1.123197e-001
-3.592304e-001
2.866334e-001
4.915682e-002
3.279462e-001
3.379705e-001
1.525791e-001
-5.881746e-001
-4.486334e-002
2.055974e-001
-1.173228e-002
1.709182e-001
1.536288e-001
-7.952489e-003
-1.395977e-001
-4.838049e-003
-5.896323e-001
-1.872528e-001
1.028974e-001
6.407051e-001
1.388860e-001
3.045284e-001
-2.446117e-002
-2.366975e-001
-5.754979e-001
-1.309798e-001
-1.299495e-001
-2.820176e-002
3.531352e-001
1.627978e-001
2.609161e-001
1.013328e-001
1.154949e-001
-2.428291e-001
5.351437e-003
-5.995452e-001
2.254549e-002
3.455913e-001
1.249467e-001
-2.752635e-001
4.246747e-001
2.750104e-001
-3.539709e-001
-4.833731e-001
-1.113960e-001
2.092722e-001
-7.597091e-002
2.525152e-001
9.372500e-002
3.572284e-001
2.219266e-005
-8.255317e-003
-5.278390e-001
-2.720250e-001
-3.931520e-001
3.950243e-001
5.110469e-001
2.040238e-001
-3.420990e-002
1.696698e-001
2.774899e-002
-3.406569e-001
-1.465463e-001
-3.702598e-001
1.434335e-001
1.107717e-001
1.928304e-002
-5.618007e-001
3.180761e-001
4.618961e-001
2.980533e-001
-3.557297e-001
-2.162794e-001
-7.658978e-002
3.686467e-001
3.267083e-001
-1.873550e-002
1.243323e-001
-1.618937e-001
-3.895345e-001
-5.595467e-001
1.184159e-001
-1.286200e-001
1.002767e-001
-5.175289e-002
5.177258e-001
1.660703e-001
-5.747972e-003
5.546966e-003
2.670913e-001
-1.926335e-001
-1.460156e-001
-1.494670e-002
-2.921382e-001
1.751135e-001
2.848393e-001
3.231255e-002
-5.281182e-001
2.167532e-003
-1.550921e-001
1.534305e-001
-2.883031e-001
2.978011e-001
5.110568e-001
3.565341e-001
-4.023426e-001
-1.724880e-001
7.832662e-002
-9.098781e-003
-2.583608e-001
-4.358078e-001
1.257684e-001
3.210623e-001
4.446216e-001
-4.441043e-004
1.116466e-002
-3.238619e-001
1.638951e-001
-3.420373e-001
-1.256981e-001
2.732947e-001
1.969559e-001
-4.663178e-001
9.394647e-003
2.941877e-001
-5.109742e-002
-2.509649e-001
-1.935853e-001
5.347020e-001
3.333055e-001
1.081234e-001
-2.202288e-001
3.106541e-001
-5.474101e-001
-6.419555e-001
3.814111e-002
7.744497e-001
-7.200770e-002
-1.759594e-001
-7.250138e-002
-1.167549e-001
-7.034878e-002
1.186215e-001
3.202562e-001
-2.446308e-002
1.187768e-001
1.640480e-002
8.894416e-002
-6.454315e-001
-1.090417e-001
5.341661e-002
2.726575e-001
6.458751e-002
2.241227e-001
-1.030777e-001
1.231042e-001
1.107839e-001
-1.418648e-001
-2.709635e-002
-2.175235e-001
-2.266361e-001
-2.410539e-001
3.468342e-001
1.295702e-001
2.022557e-002
-2.213206e-001
3.266789e-001
1.403503e-001
-4.432240e-002
-3.421790e-001
2.296219e-001
1.529090e-001
-7.771097e-002
-3.460763e-001
-1.732018e-001
7.071325e-002
1.355965e-001
3.787592e-001
-4.819165e-004
2.688422e-001
-2.258801e-001
-7.316739e-002
-2.381003e-001
1.400313e-001
-1.512673e-001
-4.132727e-003
-2.054356e-001
-1.938216e-001
-1.431066e-001
2.444200e-001
4.078661e-001
3.475341e-002
3.127428e-002
2.673619e-001
4.322345e-001
-3.397754e-001
-2.261124e-001
-5.034198e-001
-1.255332e-001
-1.857533e-001
4.219611e-001
2.992153e-001
1.821402e-001
-3.486170e-001
-1.881095e-001
2.928342e-001
1.104162e-001
-2.510039e-001
-1.865308e-001
2.978620e-001
3.802458e-002
3.249058e-003
-3.005009e-001
4.798221e-002
-2.246440e-001
1.674477e-001
7.020200e-002
4.686763e-001
1.486181e-001
-2.548001e-002
-1.680010e-001
-1.643925e-001
-1.483171e-001
-3.284331e-003
1.861518e-002
-2.761040e-001
8.122436e-002
-2.652395e-001
1.736123e-002
2.052398e-001
4.338953e-001
-1.437012e-001
2.528358e-001
1.076093e-001
-2.262218e-002
-3.072723e-001
-1.252050e-001
-3.368259e-002
7.721358e-002
7.743488e-002
-2.874801e-001
1.251961e-002
1.178572e-001
2.613692e-001
-1.151277e-001
2.148501e-001
-3.271022e-001
-1.474447e-001
-3.158377e-002
2.693446e-001
-3.560232e-002
2.209399e-001
-1.150408e-001
-3.145975e-001
4.414217e-002
2.855092e-001
-8.413999e-002
-2.740098e-001
3.860471e-001
6.016778e-002
-3.415118e-002
-1.992008e-001
3.017099e-001
-2.373082e-001
-4.197039e-002
-2.086502e-001
5.758282e-002
-3.318477e-002
1.008707e-002
-2.418278e-001
1.238321e-001
6.162807e-001
1.337672e-001
-3.484796e-001
-9.872388e-002
3.922378e-001
-1.593828e-001
-1.047140e-001
-4.192550e-001
-3.021629e-003
-7.538514e-002
4.015869e-001
8.479752e-002
1.347623e-001
-2.415827e-001
-2.509587e-001
-1.583219e-002
9.709832e-002
2.093838e-001
1.552088e-002
1.868107e-001
-9.474917e-003
3.694029e-002
-4.062315e-001
6.542402e-002
-7.430834e-002
9.024592e-002
-1.721387e-001
2.385425e-001
-1.967322e-002
-9.136083e-002
-1.607211e-001
1.366730e-001
7.349773e-003
-1.218223e-001
2.344112e-001
1.576334e-001
3.163196e-001
9.764986e-002
2.372614e-001
-4.198298e-001
-3.461023e-001
-5.768102e-001
-6.885817e-002
-1.607136e-001
8.390963e-003
1.991196e-001
5.285367e-001
1.954888e-001
-1.035540e-002
1.498970e-001
-1.251150e-003
2.003789e-002
-9.949949e-002
2.443199e-001
-4.235779e-002
-1.585508e-001
-4.651192e-001
1.433572e-001
-4.657761e-001
-2.758557e-001
1.090252e-001
4.496508e-001
1.338158e-001
3.794362e-001
2.063337e-001
-2.064255e-001
-1.871511e-001
-2.841890e-001
2.337749e-001
2.059796e-001
5.845924e-002
-3.935867e-001
1.925253e-001
-2.590422e-001
-1.629734e-001
-9.290694e-003
3.827012e-001
-2.669444e-002
-1.378040e-001
-1.934960e-001
1.745947e-001
4.191757e-001
-1.117598e-002
-1.421726e-001
-2.182902e-001
1.264007e-001
-2.126022e-002
7.534761e-002
-1.342066e-001
2.658290e-001
-2.421454e-001
-1.851803e-001
-2.270515e-001
6.572806e-002
1.343565e-002
1.525700e-001
2.352536e-001
2.550877e-001
7.521829e-002
-1.337254e-001
-2.196444e-002
-3.350688e-001
3.437574e-001
1.420811e-001
-2.593274e-001
-6.030934e-001
2.271267e-001
-1.355703e-001
4.002861e-002
1.609303e-001
3.356600e-001
-6.742644e-002
3.839893e-002
8.755139e-002
-2.406654e-001
1.942387e-002
1.751348e-001
2.709050e-001
-1.696030e-001
-1.511104e-001
-6.383097e-001
3.377948e-001
3.477355e-001
-5.099713e-002
-4.136285e-001
1.280486e-001
-1.443319e-001
-1.462930e-001
1.128817e-001
1.936301e-001
5.746840e-001
3.951981e-001
1.908278e-001
-4.762749e-001
-1.326446e-001
-5.968026e-001
-2.737768e-001
-2.519257e-001
3.934836e-001
2.035199e-001
1.675029e-001
-3.154767e-001
8.866089e-002
2.394236e-002
-5.184548e-001
2.816208e-001
9.506644e-001
5.063721e-001
-2.699464e-001
1.384060e-001
-4.598942e-001
-2.240724e-001
-4.282648e-001
-8.626872e-002
-5.366626e-001
-7.023295e-003
4.559854e-002
1.768489e-001
2.017902e-001
3.005683e-001
4.084057e-001
-2.849157e-002
5.171740e-001
-1.497131e-001
-2.600229e-001
-5.840115e-002
4.556238e-001
-5.493877e-001
-3.850502e-001
-2.091082e-001
-2.529740e-002
-2.650324e-001
-1.987681e-001
1.095720e-001
4.183596e-001
3.047720e-001
7.307783e-002
7.612854e-001
2.391435e-001
-4.504179e-001
-6.898550e-001
-4.663863e-002
-2.396775e-001
6.047061e-002
2.356789e-001
4.594964e-001
-7.119284e-002
-3.256184e-001
-2.559793e-001
6.666657e-002
-3.883706e-001
-2.066694e-001
5.615930e-001
4.636132e-001
3.554445e-001
1.754342e-001
-9.255477e-003
-6.818106e-001
-3.104981e-001
-4.793228e-002
2.883959e-001
-1.557310e-001
-1.474857e-001
-4.197567e-002
2.950333e-001
7.925110e-002
-2.964782e-002
2.562430e-001
1.321839e-001
-4.920948e-002
-4.201850e-001
-3.164212e-001
-1.815517e-001
5.207509e-001
3.283052e-001
-8.236407e-002
-2.129338e-001
1.302008e-001
2.356986e-002
-5.386603e-002
1.740431e-002
5.243494e-002
-4.861345e-001
-2.376782e-001
2.521302e-001
5.628976e-001
4.555897e-002
-1.201912e-001
-3.180934e-002
2.507119e-002
-8.946504e-002
-3.686718e-002
1.672696e-001
-4.131548e-001
-3.326052e-001
2.835424e-002
5.202268e-001
2.054432e-001
5.598354e-001
3.193106e-001
-5.016913e-001
-9.085800e-001
-2.231886e-001
-2.131038e-001
-1.327152e-001
2.728240e-001
1.480554e-001
7.111838e-001
8.605419e-001
-1.406773e-001
-8.276999e-001
-3.947830e-002
-2.800374e-001
-3.292588e-001
2.439658e-001
3.460495e-001
-2.675776e-001
1.133477e-001
2.162298e-001
1.099262e-001
4.776344e-002
9.712286e-002
-1.231409e-001
-3.286260e-001
-1.022534e-001
-3.121339e-001
3.664055e-001
3.319134e-001
-1.951110e-001
-6.833205e-001
2.864008e-001
5.998762e-001
3.371128e-001
-1.746424e-001
-1.348175e-001
-2.933174e-002
-2.081009e-001
-4.751911e-001
-3.403109e-001
-4.555807e-002
9.398390e-002
4.354292e-001
9.956330e-001
8.762440e-001
-3.982857e-001
-4.987731e-001
-6.068340e-001
-3.269665e-001
-5.275122e-001
-1.895442e-001
-7.562801e-002
5.216497e-001
8.941257e-001
6.461578e-001
7.116137e-001
-3.976443e-002
-1.342862e+000
-2.072544e+000
4.399784e-002
1.230419e+000
4.135185e-001
-3.713703e-001
1.545836e-001
4.588693e-001
1.653763e-001
-4.874374e-003
1.382798e-001
5.547269e-002
-3.739827e-001
-4.949548e-002
-7.283582e-002
-2.059474e-001
-2.035998e-001
1.780270e-001
7.507835e-002
2.110625e-001
2.624663e-002
1.830327e-001
-2.904651e-001
-1.038969e-001
1.355632e-001
1.277437e-001
-4.881722e-001
6.169880e-002
7.480590e-001
-6.809845e-001
-1.117825e+000
5.893480e-001
1.260699e+000
-2.093953e-001
-2.835427e-001
2.436405e-001
6.333667e-001
8.769977e-002
-7.789659e-001
-5.576143e-001
5.147494e-001
6.491529e-002
-6.880484e-001
-5.873411e-001
-5.907193e-002
1.039553e-001
4.558807e-001
9.426818e-001
5.254823e-001
-1.239348e-001
-5.053666e-001
-2.417599e-001
-1.761640e-001
4.327881e-001
-3.202878e-001
-7.455995e-001
3.073143e-001
9.945124e-001
-4.104335e-001
-7.472253e-001
6.341215e-001
6.032613e-001
-3.407231e-001
-1.660009e-001
-1.429772e-001
-1.258399e-002
3.572396e-001
-3.701037e-001
-1.324029e+000
1.108259e-002
1.371611e+000
-1.809044e-001
-1.363395e-001
5.807794e-001
6.865974e-001
-5.508589e-001
8.305069e-001
4.280626e-003
-1.927362e+000
-6.870348e-001
1.532178e+000
4.624314e-001
-1.880698e+000
1.795124e-001
1.396135e+000
4.277974e-001
-6.525688e-001
-3.220112e-001
-4.944378e-002
-8.324450e-002
6.135391e-001
2.641674e-002
-1.373852e-001
-1.423799e-003
-1.163106e-001
-4.225420e-001
2.405216e-001
6.526379e-001
-2.880765e-001
-8.143180e-001
4.140258e-001
3.427471e-001
-6.580608e-001
-1.411637e-001
1.103011e+000
1.483533e-001
-6.811816e-001
-2.833665e-001
6.150342e-001
3.094652e-001
-4.082115e-001
-5.643472e-001
2.043491e-001
3.682698e-001
-1.949435e-001
-3.861366e-001
3.712604e-002
5.849520e-001
-8.711284e-002
-2.106949e-001
-9.147508e-002
2.699560e-001
1.386768e-001
6.177509e-002
-4.517260e-001
-3.662045e-001
1.421927e-002
4.472202e-001
3.854306e-001
-1.078818e-001
-1.781889e-001
-3.141420e-001
2.176243e-001
7.465711e-001
2.984522e-001
-1.062600e+000
-1.612981e-001
1.347862e-001
-5.370394e-001
8.490463e-002
7.226914e-001
-5.130058e-001
-5.118827e-001
8.438348e-001
3.763975e-001
-1.480916e-001
2.451100e-001
2.869518e-002
-5.566953e-001
-4.906475e-002
2.684694e-001
-3.258320e-002
-5.243761e-001
1.975928e-001
2.988539e-001
-2.237856e-001
-2.129599e-001
5.126248e-001
2.464967e-001
-1.524707e-001
-1.326857e-001
-1.184821e-001
-4.107385e-001
-1.509916e-001
4.825812e-001
-3.171944e-002
-1.072375e-001
1.000915e-002
-4.613467e-002
2.877163e-002
5.986167e-001
1.334221e-002
1.013341e-001
1.276038e-001
-1.490833e-001
-1.748864e-001
5.057662e-002
-8.142143e-001
-6.274769e-001
5.538768e-001
1.720271e-001
-4.259176e-001
-2.766439e-002
9.886898e-001
3.575350e-001
-2.817107e-001
-2.666264e-001
7.621778e-001
3.509640e-001
-3.497652e-001
-9.681703e-001
-2.746775e-001
3.349272e-001
2.598307e-001
-4.979661e-001
-2.901328e-001
5.843475e-001
-1.889820e-001
-2.879698e-001
3.516068e-001
6.902621e-001
-2.499464e-001
2.255538e-001
-1.091083e-002
-4.636713e-001
-2.787927e-002
3.746853e-001
-4.259302e-001
-1.133409e-001
2.693709e-001
-3.259903e-001
-1.380302e-001
4.542698e-001
2.807099e-001
-1.629475e-001
1.118562e-001
-2.926945e-001
-2.082827e-001
-1.150308e-001
3.589866e-001
6.576555e-002
-1.919459e-001
-5.515421e-002
4.653338e-001
1.898277e-002
-4.880576e-001
-2.366244e-002
3.102939e-001
7.707216e-002
-3.031706e-001
8.967132e-002
-1.987868e-002
1.685531e-001
5.228163e-002
5.875572e-002
-4.240317e-001
-1.717308e-001
2.076262e-001
-1.398958e-001
-1.141299e-001
4.644493e-001
4.940630e-001
-5.679768e-001
-2.121269e-001
5.292818e-001
3.176578e-001
-4.273726e-001
-3.134068e-001
-1.376658e-001
-8.906082e-002
-3.019531e-001
3.731339e-001
5.791018e-001
2.437205e-001
1.705150e-001
1.307645e-001
-2.940044e-001
-4.817046e-001
-6.651903e-001
-5.308619e-001
5.897053e-002
5.064174e-001
1.145553e-002
4.557547e-001
-6.098191e-001
-8.752969e-001
2.828395e+000
1.891678e+000
-3.196029e-002
-3.010586e+000
-9.968217e-001
-3.939264e-001
8.786789e-001
1.935308e-002
-2.225540e-001
6.419947e-001
-3.125124e-001
9.132655e-002
-4.080945e-001
5.046498e-001
5.062376e-001
3.247486e-001
-2.253449e-001
-2.908360e-001
-5.467476e-001
-1.906199e-002
1.948929e-001
3.638807e-002
-6.540639e-002
1.360990e-001
3.371444e-001
-7.182357e-002
1.020512e-002
3.559516e-002
1.864040e-001
-6.378212e-001
-4.846444e-001
2.173101e-001
6.732118e-001
-3.385938e-001
-7.293613e-002
4.312130e-001
1.593356e-002
-3.394553e-001
1.601668e-001
-9.261649e-003
-3.573547e-001
2.161386e-001
2.489488e-001
-1.268238e-002
-2.042963e-001
2.819106e-001
-2.653808e-001
-7.847133e-002
4.806653e-002
2.969176e-001
-3.718700e-001
-1.287258e-001
-1.941336e-001
-1.823146e-002
2.175160e-001
2.705541e-001
3.220319e-001
3.696891e-001
1.073132e-001
-5.881014e-001
-1.275845e-001
-9.516509e-002
-6.371571e-002
-3.378743e-001
2.868618e-003
-1.358526e-001
2.274780e-001
2.421016e-001
1.473995e-001
-1.250418e-001
9.335546e-002
1.268050e-001
-9.322483e-002
-2.355110e-002
8.303428e-002
3.417141e-001
-1.575853e-001
-2.461318e-001
-2.249117e-001
1.563683e-001
-2.542183e-001
-4.655075e-002
-1.262604e-001
3.012547e-003
9.109649e-002
2.506126e-001
1.716062e-001
2.136375e-001
1.252669e-001
-3.758387e-002
-1.016069e-001
-3.794713e-001
-7.010701e-002
-1.709271e-002
9.193476e-002
-1.002468e-001
5.125895e-001
-1.398438e-001
-8.873447e-001
3.535896e-001
5.258623e-001
-3.172949e-001
-1.675379e-001
2.350206e-001
9.284808e-002
-2.910672e-001
1.518152e+000
5.095797e-001
-2.338324e+000
-1.101414e+000
1.232036e+000
9.419682e-001
-1.055763e+000
8.539060e-001
-1.029599e-001
-2.016702e-001
6.640045e-003
3.158562e-002
-3.123203e-001
-1.119891e-001
4.490513e-001
1.501472e-001
2.797047e-002
-4.013163e-002
2.515205e-001
-2.563680e-001
-2.193063e-001
-3.682470e-001
1.508193e-001
5.531258e-002
7.760553e-002
-1.485832e-001
1.112098e-001
6.606426e-002
1.442672e-001
2.250842e-001
6.109311e-003
-8.294068e-002
-1.610003e-001
-1.035098e-001
-4.617682e-001
1.651700e-001
3.102145e-001
2.149448e-001
-1.834810e-001
2.734903e-001
-3.997354e-003
-4.153515e-002
-1.440912e-001
2.384468e-001
-5.284320e-002
-2.843204e-001
-2.729734e-001
-3.243477e-001
-1.099661e-002
1.789627e-001
2.461144e-001
-2.362119e-001
3.812018e-001
3.901004e-001
2.781768e-001
4.474543e-002
5.597063e-002
-4.817445e-001
-4.052921e-002
1.003186e-001
-2.424173e-001
-3.967901e-001
-5.341688e-002
-6.321967e-002
-3.610556e-001
1.548887e-001
2.587366e-001
4.314777e-001
1.200684e-001
3.573292e-001
3.784037e-002
7.184116e-002
-2.203587e-001
-1.738604e-001
-2.118850e-001
3.845796e-002
-2.120808e-001
-2.253642e-001
1.245018e-001
2.294963e-001
-2.621455e-002
-2.103333e-001
2.243308e-001
1.144887e-001
3.116177e-001
-2.257753e-001
-3.298399e-002
-2.080363e-001
1.627710e-001
-4.478850e-001
4.027694e-001
9.109758e-002
-2.113138e+000
1.544828e+000
2.091062e+000
-4.144377e-001
-1.515502e+000
1.229562e+000
-1.744527e-001
-9.031315e-001
1.425512e-001
-5.162416e-001
-7.582715e-003
-2.210626e-001
1.889161e-001
1.258378e-001
-1.067456e-001
3.427603e-001
1.919292e-001
3.550313e-001
1.564872e-001
5.693185e-001
-4.864268e-001
9.861970e-002
-4.194246e-001
-7.536865e-001
5.619144e-001
-1.087978e-002
-6.356517e-001
-4.538398e-001
7.238325e-001
-8.920767e-002
-1.530663e-001
3.391513e-001
2.217345e-001
4.639161e-001
-2.239825e-001
3.496247e-001
1.603128e-001
-3.725117e-001
-2.350747e-002
1.158962e-001
-6.202974e-001
-4.548933e-001
6.645519e-002
-3.076616e-002
-3.126416e-001
3.249885e-001
5.379938e-001
3.241641e-001
-7.468961e-002
-5.106759e-002
-3.136235e-002
1.083804e-001
1.843615e-001
-1.087917e-001
-2.814821e-001
-2.105330e-001
1.672793e-001
-6.158921e-002
-2.875339e-001
-2.676197e-001
3.030804e-001
3.863246e-001
1.048989e-001
-1.125841e-001
-2.060844e-001
-1.762077e-001
4.069721e-001
2.028834e-001
-2.366676e-001
-5.527122e-002
2.547839e-001
-4.467673e-002
-1.013853e-001
-3.459189e-001
-4.176089e-001
4.114641e-001
3.644842e-001
-7.533932e-002
-2.321330e-001
3.892379e-001
8.389799e-002
-4.384637e-002
-2.337056e-001
-1.162661e-001
-4.784308e-001
-1.550338e-001
4.856044e-001
3.412228e-001
8.015306e-002
1.868967e-001
-1.037108e-002
-4.499819e-001
8.681867e-002
3.166069e-001
1.177014e-001
-4.484457e-001
-3.729502e-002
9.823704e-003
-1.863583e-001
-3.222772e-001
1.505344e-001
2.545469e-001
1.130479e-001
-8.892651e-002
-4.569044e-002
3.045973e-001
4.808229e-002
1.629427e-001
1.630865e-001
-1.071758e-002
-6.650242e-001
-9.270167e-002
5.662593e-002
2.084700e-001
5.676896e-002
-3.378637e-001
-2.444738e-001
3.357259e-001
1.820607e-001
8.846295e-002
3.000913e-001
-2.197671e-001
-2.506976e-001
2.367010e-002
1.143377e-001
-2.232914e-001
1.112235e-001
8.206841e-002
-1.259418e-001
-3.279441e-001
2.686842e-001
5.025992e-001
2.532138e-001
-5.145264e-002
-1.681494e-001
-3.408966e-001
-3.919348e-001
-8.135092e-002
-7.072280e-002
1.386480e-001
2.868787e-003
7.636119e-002
-2.605301e-001
1.407281e-002
2.927680e-001
5.739522e-001
2.779058e-001
1.702095e-001
2.837613e-001
4.127166e-001
9.902601e-002
-2.439451e-001
-4.204748e-001
-5.910751e-001
-7.623355e-001
-1.254736e+000
-1.274568e+000
-1.079105e+000
-5.366750e-001
-3.358406e-001
4.978624e+000
-4.180022e+000
2.521775e+000
2.069948e+001
-6.684072e+000
-1.395219e+001
1.145954e+001
-6.490628e+000
-3.277436e+001
1.532549e+001
2.572223e+001
-7.839415e+000
-4.709940e+000
5.989981e+000
-2.628680e+000
-3.083653e+000
7.399960e-001
-1.583748e+000
2.442113e-001
-2.449039e+000
3.485606e+000
-1.695910e+000
-6.749108e+000
1.636293e+001
4.482839e+000
-1.446772e+001
-5.206166e+000
1.126269e+001
-3.692927e+000
-3.309526e+000
4.108690e+000
-2.072766e+000
1.578612e+000
-2.670695e-001
1.455250e-001
1.959543e-001
8.011654e-003
-1.720382e-001
-1.633577e-001
2.134932e-001
4.189209e-002
-7.405247e-001
-7.312416e-001
-1.143941e-001
1.915003e-001
1.840275e-001
4.641536e-002
5.113551e-001
4.824971e-001
3.282344e-001
-1.993360e-001
4.220451e-001
3.583167e-001
-8.736067e-002
-8.482127e-001
-4.510331e-001
-4.191170e-001
1.673225e-001
-2.096867e-001
1.045746e-001
-3.949166e-002
-5.120893e-001
6.320768e-001
8.176551e-001
6.457765e-001
-8.099052e-001
-7.416249e-002
-2.620572e-001
7.544660e-001
-2.052906e-001
-2.725304e-001
1.255931e-001
7.940370e-002
-6.494932e-001
-3.587476e-001
2.732038e-001
-2.237060e-001
-8.246520e-002
4.654588e-001
7.660598e-001
3.542840e-002
5.556939e-002
-6.243016e-001
1.438705e-001
-3.080859e-001
1.093267e-001
-6.853077e-001
2.885351e-001
1.128110e+000
7.221735e-001
-9.321932e-001
-9.671845e-001
-2.450097e-001
-5.433484e-001
5.714692e-001
3.433227e-001
4.756509e-001
1.078121e-001
5.119929e-001
-3.026262e-002
4.237569e-001
-6.377426e-001
-4.692015e-001
-5.963263e-001
-2.224163e-001
-1.374186e-001
1.970033e-002
8.541998e-001
1.143360e+000
3.373913e-001
-8.209901e-001
-1.200060e-001
-4.829817e-001
-4.969531e-001
-3.285268e-001
2.203196e-001
-2.968671e-001
2.719260e-001
3.335668e-001
3.036819e-001
2.986328e-001
4.929458e-001
2.473327e-002
-7.444517e-001
1.879227e-001
3.095707e-001
5.417288e-002
-9.959204e-001
-1.483686e-001
1.022787e-001
1.272489e-001
-1.929908e-001
4.308228e-001
1.117719e-001
-1.176935e-001
1.619642e-001
2.741348e-001
1.510671e-001
-1.495888e+000
3.946309e-001
1.846742e+000
-3.812835e-001
-1.463025e+000
3.786951e-001
1.056660e+000
-5.845326e-001
-2.033642e-001
-4.186964e-001
-5.507637e-001
-4.710024e-001
-4.309502e-001
8.397883e-001
9.564005e-001
8.888995e-001
5.017274e-001
3.328578e-001
-3.644173e-001
-7.469501e-001
-1.327149e-001
-1.526853e-001
5.291738e-002
-7.275131e-001
-8.870069e-001
-4.700349e-001
9.119539e-001
-2.156122e+000
1.783504e+000
3.424166e+000
-6.029465e-001
-2.379490e+000
1.058759e+000
1.327795e+000
-1.238662e+000
2.930327e-001
-7.667350e-001
-1.071289e-001
-5.759499e-001
-1.306486e-001
2.203656e-001
6.209467e-001
1.333634e-001
4.363390e-001
2.880368e-001
-4.664901e-001
-5.064363e-001
-1.654855e-001
4.855224e-002
-3.038588e-001
2.731816e-001
-7.523365e-002
3.729865e-001
-1.321952e-001
2.566816e-001
1.558276e-001
3.060079e-001
-2.664478e-001
-2.640393e-001
-2.244969e-001
-1.551671e-001
-6.671543e-002
3.102120e-002
2.482218e-001
9.218102e-002
3.550635e-001
1.132511e-001
1.545747e-001
-4.323436e-001
6.778617e-002
-2.321832e-001
-3.491184e-001
-2.795108e-001
5.278258e-001
-1.799574e-001
-5.674983e-001
2.157002e-001
5.158165e-001
5.723220e-001
7.444841e-002
1.796035e-001
-3.950543e-001
-1.280442e-001
-2.433718e-001
5.507225e-002
-3.891740e-001
-2.281028e-001
3.604565e-001
6.429957e-001
-5.368058e-002
-5.079729e-001
-2.308748e-001
2.323996e-001
3.381559e-001
-1.568449e-001
-2.131022e-001
-6.579142e-003
-1.932011e-002
2.446651e-001
9.743389e-001
8.749544e-002
-5.946585e-001
-7.123647e-001
-2.952222e-002
-5.062325e-001
-1.104241e-002
4.232230e-002
3.173354e-001
1.441471e-001
-1.075678e-001
5.443111e-002
6.348875e-001
6.559604e-001
-2.507893e-001
-1.306254e-001
1.020021e-001
8.263590e-002
-6.132535e-001
-3.372590e-001
-5.537002e-001
2.416625e-002
5.829941e-002
1.636574e-001
-2.050527e-001
1.110721e-001
1.937341e-001
4.093511e-001
5.129350e-001
1.954113e-001
1.247653e-001
-6.927250e-002
-2.682024e-001
-5.913173e-001
-1.180795e-001
-3.138424e-001
1.043382e-001
1.672045e-001
3.084086e-001
-5.637209e-001
-1.851956e-001
2.747807e-001
7.411424e-001
2.934521e-001
-4.654573e-001
-3.309380e-001
7.280294e-002
4.838164e-001
-1.497731e-001
-1.056741e-001
-2.789072e-001
1.941482e-001
1.059703e-001
-3.643127e-002
-7.678434e-001
-4.970551e-002
6.156547e-002
-1.448918e-001
1.626285e+000
3.549507e-001
-1.352987e+000
-7.039645e-001
1.072274e+000
4.630570e-002
1.689462e-001
5.384303e-001
-4.737767e-001
-4.067218e-001
-4.594684e-001
-7.874766e-002
2.397870e-003
-5.700705e-001
-3.217831e-001
3.236588e-001
9.438909e-001
6.163445e-001
3.728167e-001
-1.362635e-001
-3.961150e-002
-2.393712e-001
-2.367189e-001
7.200965e-002
-1.343919e-001
-2.568810e-001
-4.337424e-001
-2.072877e-002
-3.227032e-001
3.367613e-001
-2.230735e-002
-4.072833e-002
-1.800509e-001
6.744429e-001
7.128042e-001
5.004693e-001
-5.625855e-001
-3.753809e-001
4.109434e-001
-1.066885e-001
-1.747301e-001
-1.732462e-001
-3.632333e-001
-6.880551e-001
1.342741e-001
-4.371147e-002
4.183015e-001
-7.944316e-001
1.702538e-001
2.693495e-001
1.038948e+000
1.013785e+000
8.022087e-001
-5.703398e-001
-7.827472e-001
-1.980327e-001
-4.601616e-001
-2.239616e+000
-1.445414e+000
4.367427e+000
1.100885e+000
-2.328724e+000
-6.075927e-001
2.172489e+000
-1.133336e+000
-2.747100e-001
4.323445e-002
-1.778305e-001
7.121257e-001
-2.168205e-001
-3.520919e-002
-3.315066e-002
-3.818464e-002
-6.654954e-001
1.543461e-001
4.577401e-001
6.635440e-001
2.712933e-001
2.485641e-001
-6.784269e-001
-3.000359e-001
-9.522882e-003
-2.827948e-001
-5.048975e-001
-1.849873e-001
-1.068474e-001
-2.010260e-001
1.474531e-001
-3.287852e-002
9.046863e-001
7.618288e-001
7.112926e-001
3.349009e-002
2.042618e-001
-3.546426e-001
-4.314224e-001
-6.514090e-001
-5.310397e-001
-4.445984e-001
-7.127266e-001
-5.459445e-003
6.807753e-001
8.415645e-001
-1.829052e-001
1.280491e-001
3.199481e-001
5.285691e-001
2.950695e-002
1.694118e-001
-5.615554e-001
-5.035122e-001
-5.221273e-001
-8.205996e-002
1.882524e-001
5.752140e-001
4.125716e-001
-2.297734e-001
-1.962720e-001
-3.438338e-001
-7.103547e-002
-4.917496e-001
2.955237e-001
-2.425854e-002
7.100286e-001
5.714571e-001
5.040531e-001
-6.600920e-003
3.612656e-001
1.419359e-001
-7.066334e-001
-6.886721e-001
-9.005599e-001
-1.106874e+000
-1.842320e+000
-4.232495e-001
7.712584e-001
2.324044e+000
1.250973e+000
4.258993e+000
3.294540e+000
-4.855785e+000
-6.420381e+000
-8.549266e-001
2.110928e+000
-3.960732e-001
1.630907e+000
1.542800e+000
1.298809e+000
4.640423e-001
-7.398945e-002
-1.063480e-001
-5.946363e-001
-7.856363e-001
-9.377681e-001
-1.000614e+000
-6.172702e-001
-8.961698e-001
-8.142636e-001
-3.343818e-001
5.577637e-001
8.746099e-001
1.743165e+000
6.154881e-001
4.938675e+000
8.066809e-001
-4.412754e+000
9.970524e+000
-5.636276e+000
-1.448930e+001
-1.713619e+000
1.168343e+001
-2.781707e+000
-3.540385e-001
3.751734e+000
-2.636020e+000
9.848560e-001
-2.942056e-001
8.922869e-001
3.351893e-003
-4.479431e-001
-7.902677e-002
-3.544651e-001
-4.177771e-001
-2.729630e-001
4.986644e-001
4.957621e-001
3.296203e-001
-8.673491e-001
1.042780e+000
9.181873e-001
-1.681192e+000
-7.678066e-001
1.287985e+000
-4.544925e-001
-8.616318e-001
7.446861e-001
-2.700924e-001
-6.612491e-001
7.389853e-001
6.297284e-001
2.242164e-001
-1.752552e-001
-5.124235e-001
-6.187709e-002
7.232604e-002
3.704464e-001
2.158284e-001
-1.724078e-002
-3.776608e-001
-6.761936e-002
-5.691630e-002
-1.485636e-001
-1.479588e-001
-3.976184e-002
-1.172407e-001
-2.713320e-001
-3.361360e-002
2.816989e-001
7.837535e-001
7.215761e-001
3.247529e-001
-3.074682e-001
-4.604667e-001
-3.020059e-001
-5.266974e-002
-1.870371e-001
-2.596587e-001
-3.758990e-001
-3.408107e-001
-1.920608e-001
3.327600e-001
3.056271e-001
5.009711e-001
7.827318e-001
3.398162e-001
-2.884561e-001
-6.195147e-001
-1.815126e-001
-2.081956e-001
9.985058e-002
2.025730e-001
-1.357548e-001
-4.163913e-001
2.178117e-001
3.017177e-001
8.594765e-002
1.245546e-001
-1.259947e-002
-1.462432e-001
-9.759260e-002
-1.158779e-001
-1.408751e-001
7.206089e-002
-2.865901e-002
-2.612109e-001
-1.965990e-001
2.283774e-001
5.276870e-001
3.377706e-001
-1.569088e-001
1.431877e-001
2.633941e-001
-3.900196e-002
-3.985766e-001
-3.893111e-001
-3.176601e-001
5.907750e-002
3.131703e-001
-2.269285e-001
-3.411689e-001
3.362150e-001
5.847096e-001
-2.055298e-001
-1.411585e-001
1.684331e-001
1.136683e-001
7.064085e-004
2.563115e-001
-3.405101e-001
-6.277013e-001
-5.412020e-002
4.682577e-001
5.763562e-001
-2.240627e-001
-6.580221e-001
2.506662e-001
7.302265e-001
-1.339776e-001
-2.001841e-001
9.395543e-002
-3.571069e-001
-8.545603e-001
-1.500358e-001
3.099329e-001
5.326622e-002
-2.733594e-001
2.647636e-001
8.166484e-001
5.197816e-001
3.358320e-002
5.124686e-001
1.155048e+000
4.410886e-001
-1.531887e-001
-3.930332e-001
-6.121407e-001
-1.425629e+000
-2.336185e+000
-2.927627e+000
-1.591494e+000
-9.612121e-001
-7.849827e-001
1.139350e+000
3.145624e+000
3.226621e+000
6.523731e+000
5.270654e+000
1.462434e+000
1.813390e+001
-2.943720e+000
-2.194981e+001
